timestamp_utc,spot_id,spot_label,status,status_since_utc,track_id,vehicle_type,confidence,dwell_seconds,bbox_x1,bbox_y1,bbox_x2,bbox_y2
2026-09-18T11:21:17.077677+00:00,spot_1,Spot 1,Empty,2026-09-17T23:15:16.570232+00:00,,,,,,,,
2026-09-18T11:21:17.077677+00:00,spot_2,Spot 2,Empty,2026-09-17T18:54:59.211819+00:00,,,,,,,,
2026-09-18T11:21:17.077677+00:00,spot_3,Spot 3,Empty,2026-09-18T00:58:17.721972+00:00,,,,,,,,
2026-09-18T11:21:17.077677+00:00,spot_4,Spot 4,Empty,2026-09-17T19:31:40.829505+00:00,,,,,,,,
2026-09-18T11:21:17.077677+00:00,spot_5,Spot 5,Empty,2026-09-18T01:33:15.560778+00:00,,,,,,,,
2026-09-18T11:21:17.077677+00:00,spot_6,Spot 6,Empty,2026-09-17T23:08:14.612220+00:00,,,,,,,,
2026-09-18T11:21:17.077677+00:00,spot_7,Spot 7,Empty,2026-09-18T01:01:48.664840+00:00,,,,,,,,
2026-09-18T11:21:17.077677+00:00,spot_8,Spot 8,Empty,2026-09-17T23:59:14.247427+00:00,,,,,,,,
2026-09-18T11:21:17.077677+00:00,spot_9,Spot 9,Empty,2026-09-17T21:32:17.145530+00:00,,,,,,,,
2026-09-18T11:21:17.077677+00:00,spot_10,Spot 10,Empty,2026-09-17T21:34:19.347215+00:00,,,,,,,,
2026-09-18T11:21:17.077677+00:00,spot_11,Spot 11,Empty,2026-09-17T21:39:15.819043+00:00,,,,,,,,
2026-09-18T11:21:17.077677+00:00,spot_12,Spot 12,Empty,2026-09-18T00:30:22.762438+00:00,,,,,,,,
2026-09-18T11:21:17.077677+00:00,spot_13,Spot 13,Empty,2026-09-18T00:56:19.559398+00:00,,,,,,,,
2026-09-18T11:21:17.077677+00:00,spot_14,Spot 14,Empty,2026-09-18T00:39:15.838015+00:00,,,,,,,,
2026-09-18T11:21:17.077677+00:00,spot_15,Spot 15,Empty,2026-09-17T22:21:18.480312+00:00,,,,,,,,
2026-09-18T11:21:17.077677+00:00,spot_16,Spot 16,Empty,2026-09-17T18:54:59.211877+00:00,,,,,,,,
2026-09-18T11:21:17.077677+00:00,spot_17,Spot 17,Empty,2026-09-17T18:54:59.211881+00:00,,,,,,,,
2026-09-18T11:22:27.208332+00:00,spot_1,Spot 1,Empty,2026-09-17T23:15:16.570232+00:00,,,,,,,,
2026-09-18T11:22:27.208332+00:00,spot_2,Spot 2,Empty,2026-09-17T18:54:59.211819+00:00,,,,,,,,
2026-09-18T11:22:27.208332+00:00,spot_3,Spot 3,Empty,2026-09-18T00:58:17.721972+00:00,,,,,,,,
2026-09-18T11:22:27.208332+00:00,spot_4,Spot 4,Empty,2026-09-17T19:31:40.829505+00:00,,,,,,,,
2026-09-18T11:22:27.208332+00:00,spot_5,Spot 5,Empty,2026-09-18T01:33:15.560778+00:00,,,,,,,,
2026-09-18T11:22:27.208332+00:00,spot_6,Spot 6,Empty,2026-09-17T23:08:14.612220+00:00,,,,,,,,
2026-09-18T11:22:27.208332+00:00,spot_7,Spot 7,Empty,2026-09-18T01:01:48.664840+00:00,,,,,,,,
2026-09-18T11:22:27.208332+00:00,spot_8,Spot 8,Empty,2026-09-17T23:59:14.247427+00:00,,,,,,,,
2026-09-18T11:22:27.208332+00:00,spot_9,Spot 9,Empty,2026-09-17T21:32:17.145530+00:00,,,,,,,,
2026-09-18T11:22:27.208332+00:00,spot_10,Spot 10,Empty,2026-09-17T21:34:19.347215+00:00,,,,,,,,
2026-09-18T11:22:27.208332+00:00,spot_11,Spot 11,Empty,2026-09-17T21:39:15.819043+00:00,,,,,,,,
2026-09-18T11:22:27.208332+00:00,spot_12,Spot 12,Empty,2026-09-18T00:30:22.762438+00:00,,,,,,,,
2026-09-18T11:22:27.208332+00:00,spot_13,Spot 13,Empty,2026-09-18T00:56:19.559398+00:00,,,,,,,,
2026-09-18T11:22:27.208332+00:00,spot_14,Spot 14,Empty,2026-09-18T00:39:15.838015+00:00,,,,,,,,
2026-09-18T11:22:27.208332+00:00,spot_15,Spot 15,Empty,2026-09-17T22:21:18.480312+00:00,,,,,,,,
2026-09-18T11:22:27.208332+00:00,spot_16,Spot 16,Empty,2026-09-17T18:54:59.211877+00:00,,,,,,,,
2026-09-18T11:22:27.208332+00:00,spot_17,Spot 17,Empty,2026-09-17T18:54:59.211881+00:00,,,,,,,,
2026-09-18T11:23:17.203786+00:00,spot_1,Spot 1,Empty,2026-09-17T23:15:16.570232+00:00,,,,,,,,
2026-09-18T11:23:17.203786+00:00,spot_2,Spot 2,Empty,2026-09-17T18:54:59.211819+00:00,,,,,,,,
2026-09-18T11:23:17.203786+00:00,spot_3,Spot 3,Empty,2026-09-18T00:58:17.721972+00:00,,,,,,,,
2026-09-18T11:23:17.203786+00:00,spot_4,Spot 4,Empty,2026-09-17T19:31:40.829505+00:00,,,,,,,,
2026-09-18T11:23:17.203786+00:00,spot_5,Spot 5,Empty,2026-09-18T01:33:15.560778+00:00,,,,,,,,
2026-09-18T11:23:17.203786+00:00,spot_6,Spot 6,Empty,2026-09-17T23:08:14.612220+00:00,,,,,,,,
2026-09-18T11:23:17.203786+00:00,spot_7,Spot 7,Empty,2026-09-18T01:01:48.664840+00:00,,,,,,,,
2026-09-18T11:23:17.203786+00:00,spot_8,Spot 8,Empty,2026-09-17T23:59:14.247427+00:00,,,,,,,,
2026-09-18T11:23:17.203786+00:00,spot_9,Spot 9,Empty,2026-09-17T21:32:17.145530+00:00,,,,,,,,
2026-09-18T11:23:17.203786+00:00,spot_10,Spot 10,Empty,2026-09-17T21:34:19.347215+00:00,,,,,,,,
2026-09-18T11:23:17.203786+00:00,spot_11,Spot 11,Empty,2026-09-17T21:39:15.819043+00:00,,,,,,,,
2026-09-18T11:23:17.203786+00:00,spot_12,Spot 12,Empty,2026-09-18T00:30:22.762438+00:00,,,,,,,,
2026-09-18T11:23:17.203786+00:00,spot_13,Spot 13,Empty,2026-09-18T00:56:19.559398+00:00,,,,,,,,
2026-09-18T11:23:17.203786+00:00,spot_14,Spot 14,Empty,2026-09-18T00:39:15.838015+00:00,,,,,,,,
2026-09-18T11:23:17.203786+00:00,spot_15,Spot 15,Empty,2026-09-17T22:21:18.480312+00:00,,,,,,,,
2026-09-18T11:23:17.203786+00:00,spot_16,Spot 16,Empty,2026-09-17T18:54:59.211877+00:00,,,,,,,,
2026-09-18T11:23:17.203786+00:00,spot_17,Spot 17,Empty,2026-09-17T18:54:59.211881+00:00,,,,,,,,
2026-09-18T11:24:21.479619+00:00,spot_1,Spot 1,Empty,2026-09-17T23:15:16.570232+00:00,,,,,,,,
2026-09-18T11:24:21.479619+00:00,spot_2,Spot 2,Empty,2026-09-17T18:54:59.211819+00:00,,,,,,,,
2026-09-18T11:24:21.479619+00:00,spot_3,Spot 3,Empty,2026-09-18T00:58:17.721972+00:00,,,,,,,,
2026-09-18T11:24:21.479619+00:00,spot_4,Spot 4,Empty,2026-09-17T19:31:40.829505+00:00,,,,,,,,
2026-09-18T11:24:21.479619+00:00,spot_5,Spot 5,Empty,2026-09-18T01:33:15.560778+00:00,,,,,,,,
2026-09-18T11:24:21.479619+00:00,spot_6,Spot 6,Empty,2026-09-17T23:08:14.612220+00:00,,,,,,,,
2026-09-18T11:24:21.479619+00:00,spot_7,Spot 7,Empty,2026-09-18T01:01:48.664840+00:00,,,,,,,,
2026-09-18T11:24:21.479619+00:00,spot_8,Spot 8,Empty,2026-09-17T23:59:14.247427+00:00,,,,,,,,
2026-09-18T11:24:21.479619+00:00,spot_9,Spot 9,Empty,2026-09-17T21:32:17.145530+00:00,,,,,,,,
2026-09-18T11:24:21.479619+00:00,spot_10,Spot 10,Empty,2026-09-17T21:34:19.347215+00:00,,,,,,,,
2026-09-18T11:24:21.479619+00:00,spot_11,Spot 11,Empty,2026-09-17T21:39:15.819043+00:00,,,,,,,,
2026-09-18T11:24:21.479619+00:00,spot_12,Spot 12,Empty,2026-09-18T00:30:22.762438+00:00,,,,,,,,
2026-09-18T11:24:21.479619+00:00,spot_13,Spot 13,Empty,2026-09-18T00:56:19.559398+00:00,,,,,,,,
2026-09-18T11:24:21.479619+00:00,spot_14,Spot 14,Empty,2026-09-18T00:39:15.838015+00:00,,,,,,,,
2026-09-18T11:24:21.479619+00:00,spot_15,Spot 15,Empty,2026-09-17T22:21:18.480312+00:00,,,,,,,,
2026-09-18T11:24:21.479619+00:00,spot_16,Spot 16,Empty,2026-09-17T18:54:59.211877+00:00,,,,,,,,
2026-09-18T11:24:21.479619+00:00,spot_17,Spot 17,Empty,2026-09-17T18:54:59.211881+00:00,,,,,,,,
2026-09-18T11:25:18.580362+00:00,spot_1,Spot 1,Empty,2026-09-17T23:15:16.570232+00:00,,,,,,,,
2026-09-18T11:25:18.580362+00:00,spot_2,Spot 2,Empty,2026-09-17T18:54:59.211819+00:00,,,,,,,,
2026-09-18T11:25:18.580362+00:00,spot_3,Spot 3,Empty,2026-09-18T00:58:17.721972+00:00,,,,,,,,
2026-09-18T11:25:18.580362+00:00,spot_4,Spot 4,Empty,2026-09-17T19:31:40.829505+00:00,,,,,,,,
2026-09-18T11:25:18.580362+00:00,spot_5,Spot 5,Empty,2026-09-18T01:33:15.560778+00:00,,,,,,,,
2026-09-18T11:25:18.580362+00:00,spot_6,Spot 6,Empty,2026-09-17T23:08:14.612220+00:00,,,,,,,,
2026-09-18T11:25:18.580362+00:00,spot_7,Spot 7,Empty,2026-09-18T01:01:48.664840+00:00,,,,,,,,
2026-09-18T11:25:18.580362+00:00,spot_8,Spot 8,Empty,2026-09-17T23:59:14.247427+00:00,,,,,,,,
2026-09-18T11:25:18.580362+00:00,spot_9,Spot 9,Empty,2026-09-17T21:32:17.145530+00:00,,,,,,,,
2026-09-18T11:25:18.580362+00:00,spot_10,Spot 10,Empty,2026-09-17T21:34:19.347215+00:00,,,,,,,,
2026-09-18T11:25:18.580362+00:00,spot_11,Spot 11,Empty,2026-09-17T21:39:15.819043+00:00,,,,,,,,
2026-09-18T11:25:18.580362+00:00,spot_12,Spot 12,Empty,2026-09-18T00:30:22.762438+00:00,,,,,,,,
2026-09-18T11:25:18.580362+00:00,spot_13,Spot 13,Empty,2026-09-18T00:56:19.559398+00:00,,,,,,,,
2026-09-18T11:25:18.580362+00:00,spot_14,Spot 14,Empty,2026-09-18T00:39:15.838015+00:00,,,,,,,,
2026-09-18T11:25:18.580362+00:00,spot_15,Spot 15,Empty,2026-09-17T22:21:18.480312+00:00,,,,,,,,
2026-09-18T11:25:18.580362+00:00,spot_16,Spot 16,Empty,2026-09-17T18:54:59.211877+00:00,,,,,,,,
2026-09-18T11:25:18.580362+00:00,spot_17,Spot 17,Empty,2026-09-17T18:54:59.211881+00:00,,,,,,,,
2026-09-18T11:26:20.419132+00:00,spot_1,Spot 1,Empty,2026-09-17T23:15:16.570232+00:00,,,,,,,,
2026-09-18T11:26:20.419132+00:00,spot_2,Spot 2,Empty,2026-09-17T18:54:59.211819+00:00,,,,,,,,
2026-09-18T11:26:20.419132+00:00,spot_3,Spot 3,Empty,2026-09-18T00:58:17.721972+00:00,,,,,,,,
2026-09-18T11:26:20.419132+00:00,spot_4,Spot 4,Empty,2026-09-17T19:31:40.829505+00:00,,,,,,,,
2026-09-18T11:26:20.419132+00:00,spot_5,Spot 5,Empty,2026-09-18T01:33:15.560778+00:00,,,,,,,,
2026-09-18T11:26:20.419132+00:00,spot_6,Spot 6,Empty,2026-09-17T23:08:14.612220+00:00,,,,,,,,
2026-09-18T11:26:20.419132+00:00,spot_7,Spot 7,Empty,2026-09-18T01:01:48.664840+00:00,,,,,,,,
2026-09-18T11:26:20.419132+00:00,spot_8,Spot 8,Empty,2026-09-17T23:59:14.247427+00:00,,,,,,,,
2026-09-18T11:26:20.419132+00:00,spot_9,Spot 9,Empty,2026-09-17T21:32:17.145530+00:00,,,,,,,,
2026-09-18T11:26:20.419132+00:00,spot_10,Spot 10,Empty,2026-09-17T21:34:19.347215+00:00,,,,,,,,
2026-09-18T11:26:20.419132+00:00,spot_11,Spot 11,Empty,2026-09-17T21:39:15.819043+00:00,,,,,,,,
2026-09-18T11:26:20.419132+00:00,spot_12,Spot 12,Empty,2026-09-18T00:30:22.762438+00:00,,,,,,,,
2026-09-18T11:26:20.419132+00:00,spot_13,Spot 13,Empty,2026-09-18T00:56:19.559398+00:00,,,,,,,,
2026-09-18T11:26:20.419132+00:00,spot_14,Spot 14,Empty,2026-09-18T00:39:15.838015+00:00,,,,,,,,
2026-09-18T11:26:20.419132+00:00,spot_15,Spot 15,Empty,2026-09-17T22:21:18.480312+00:00,,,,,,,,
2026-09-18T11:26:20.419132+00:00,spot_16,Spot 16,Empty,2026-09-17T18:54:59.211877+00:00,,,,,,,,
2026-09-18T11:26:20.419132+00:00,spot_17,Spot 17,Empty,2026-09-17T18:54:59.211881+00:00,,,,,,,,
2026-09-18T11:27:19.306504+00:00,spot_1,Spot 1,Empty,2026-09-17T23:15:16.570232+00:00,,,,,,,,
2026-09-18T11:27:19.306504+00:00,spot_2,Spot 2,Empty,2026-09-17T18:54:59.211819+00:00,,,,,,,,
2026-09-18T11:27:19.306504+00:00,spot_3,Spot 3,Empty,2026-09-18T00:58:17.721972+00:00,,,,,,,,
2026-09-18T11:27:19.306504+00:00,spot_4,Spot 4,Empty,2026-09-17T19:31:40.829505+00:00,,,,,,,,
2026-09-18T11:27:19.306504+00:00,spot_5,Spot 5,Empty,2026-09-18T01:33:15.560778+00:00,,,,,,,,
2026-09-18T11:27:19.306504+00:00,spot_6,Spot 6,Empty,2026-09-17T23:08:14.612220+00:00,,,,,,,,
2026-09-18T11:27:19.306504+00:00,spot_7,Spot 7,Empty,2026-09-18T01:01:48.664840+00:00,,,,,,,,
2026-09-18T11:27:19.306504+00:00,spot_8,Spot 8,Empty,2026-09-17T23:59:14.247427+00:00,,,,,,,,
2026-09-18T11:27:19.306504+00:00,spot_9,Spot 9,Empty,2026-09-17T21:32:17.145530+00:00,,,,,,,,
2026-09-18T11:27:19.306504+00:00,spot_10,Spot 10,Empty,2026-09-17T21:34:19.347215+00:00,,,,,,,,
2026-09-18T11:27:19.306504+00:00,spot_11,Spot 11,Empty,2026-09-17T21:39:15.819043+00:00,,,,,,,,
2026-09-18T11:27:19.306504+00:00,spot_12,Spot 12,Empty,2026-09-18T00:30:22.762438+00:00,,,,,,,,
2026-09-18T11:27:19.306504+00:00,spot_13,Spot 13,Empty,2026-09-18T00:56:19.559398+00:00,,,,,,,,
2026-09-18T11:27:19.306504+00:00,spot_14,Spot 14,Empty,2026-09-18T00:39:15.838015+00:00,,,,,,,,
2026-09-18T11:27:19.306504+00:00,spot_15,Spot 15,Empty,2026-09-17T22:21:18.480312+00:00,,,,,,,,
2026-09-18T11:27:19.306504+00:00,spot_16,Spot 16,Empty,2026-09-17T18:54:59.211877+00:00,,,,,,,,
2026-09-18T11:27:19.306504+00:00,spot_17,Spot 17,Empty,2026-09-17T18:54:59.211881+00:00,,,,,,,,
2026-09-18T11:28:23.023971+00:00,spot_1,Spot 1,Empty,2026-09-17T23:15:16.570232+00:00,,,,,,,,
2026-09-18T11:28:23.023971+00:00,spot_2,Spot 2,Empty,2026-09-17T18:54:59.211819+00:00,,,,,,,,
2026-09-18T11:28:23.023971+00:00,spot_3,Spot 3,Empty,2026-09-18T00:58:17.721972+00:00,,,,,,,,
2026-09-18T11:28:23.023971+00:00,spot_4,Spot 4,Empty,2026-09-17T19:31:40.829505+00:00,,,,,,,,
2026-09-18T11:28:23.023971+00:00,spot_5,Spot 5,Empty,2026-09-18T01:33:15.560778+00:00,,,,,,,,
2026-09-18T11:28:23.023971+00:00,spot_6,Spot 6,Empty,2026-09-17T23:08:14.612220+00:00,,,,,,,,
2026-09-18T11:28:23.023971+00:00,spot_7,Spot 7,Empty,2026-09-18T01:01:48.664840+00:00,,,,,,,,
2026-09-18T11:28:23.023971+00:00,spot_8,Spot 8,Empty,2026-09-17T23:59:14.247427+00:00,,,,,,,,
2026-09-18T11:28:23.023971+00:00,spot_9,Spot 9,Empty,2026-09-17T21:32:17.145530+00:00,,,,,,,,
2026-09-18T11:28:23.023971+00:00,spot_10,Spot 10,Empty,2026-09-17T21:34:19.347215+00:00,,,,,,,,
2026-09-18T11:28:23.023971+00:00,spot_11,Spot 11,Empty,2026-09-17T21:39:15.819043+00:00,,,,,,,,
2026-09-18T11:28:23.023971+00:00,spot_12,Spot 12,Empty,2026-09-18T00:30:22.762438+00:00,,,,,,,,
2026-09-18T11:28:23.023971+00:00,spot_13,Spot 13,Empty,2026-09-18T00:56:19.559398+00:00,,,,,,,,
2026-09-18T11:28:23.023971+00:00,spot_14,Spot 14,Empty,2026-09-18T00:39:15.838015+00:00,,,,,,,,
2026-09-18T11:28:23.023971+00:00,spot_15,Spot 15,Empty,2026-09-17T22:21:18.480312+00:00,,,,,,,,
2026-09-18T11:28:23.023971+00:00,spot_16,Spot 16,Empty,2026-09-17T18:54:59.211877+00:00,,,,,,,,
2026-09-18T11:28:23.023971+00:00,spot_17,Spot 17,Empty,2026-09-17T18:54:59.211881+00:00,,,,,,,,
2026-09-18T11:29:19.149152+00:00,spot_1,Spot 1,Empty,2026-09-17T23:15:16.570232+00:00,,,,,,,,
2026-09-18T11:29:19.149152+00:00,spot_2,Spot 2,Empty,2026-09-17T18:54:59.211819+00:00,,,,,,,,
2026-09-18T11:29:19.149152+00:00,spot_3,Spot 3,Empty,2026-09-18T00:58:17.721972+00:00,,,,,,,,
2026-09-18T11:29:19.149152+00:00,spot_4,Spot 4,Empty,2026-09-17T19:31:40.829505+00:00,,,,,,,,
2026-09-18T11:29:19.149152+00:00,spot_5,Spot 5,Empty,2026-09-18T01:33:15.560778+00:00,,,,,,,,
2026-09-18T11:29:19.149152+00:00,spot_6,Spot 6,Empty,2026-09-17T23:08:14.612220+00:00,,,,,,,,
2026-09-18T11:29:19.149152+00:00,spot_7,Spot 7,Empty,2026-09-18T01:01:48.664840+00:00,,,,,,,,
2026-09-18T11:29:19.149152+00:00,spot_8,Spot 8,Empty,2026-09-17T23:59:14.247427+00:00,,,,,,,,
2026-09-18T11:29:19.149152+00:00,spot_9,Spot 9,Empty,2026-09-17T21:32:17.145530+00:00,,,,,,,,
2026-09-18T11:29:19.149152+00:00,spot_10,Spot 10,Empty,2026-09-17T21:34:19.347215+00:00,,,,,,,,
2026-09-18T11:29:19.149152+00:00,spot_11,Spot 11,Empty,2026-09-17T21:39:15.819043+00:00,,,,,,,,
2026-09-18T11:29:19.149152+00:00,spot_12,Spot 12,Empty,2026-09-18T00:30:22.762438+00:00,,,,,,,,
2026-09-18T11:29:19.149152+00:00,spot_13,Spot 13,Empty,2026-09-18T00:56:19.559398+00:00,,,,,,,,
2026-09-18T11:29:19.149152+00:00,spot_14,Spot 14,Empty,2026-09-18T00:39:15.838015+00:00,,,,,,,,
2026-09-18T11:29:19.149152+00:00,spot_15,Spot 15,Empty,2026-09-17T22:21:18.480312+00:00,,,,,,,,
2026-09-18T11:29:19.149152+00:00,spot_16,Spot 16,Empty,2026-09-17T18:54:59.211877+00:00,,,,,,,,
2026-09-18T11:29:19.149152+00:00,spot_17,Spot 17,Empty,2026-09-17T18:54:59.211881+00:00,,,,,,,,
2026-09-18T11:30:22.096872+00:00,spot_1,Spot 1,Empty,2026-09-17T23:15:16.570232+00:00,,,,,,,,
2026-09-18T11:30:22.096872+00:00,spot_2,Spot 2,Empty,2026-09-17T18:54:59.211819+00:00,,,,,,,,
2026-09-18T11:30:22.096872+00:00,spot_3,Spot 3,Empty,2026-09-18T00:58:17.721972+00:00,,,,,,,,
2026-09-18T11:30:22.096872+00:00,spot_4,Spot 4,Empty,2026-09-17T19:31:40.829505+00:00,,,,,,,,
2026-09-18T11:30:22.096872+00:00,spot_5,Spot 5,Empty,2026-09-18T01:33:15.560778+00:00,,,,,,,,
2026-09-18T11:30:22.096872+00:00,spot_6,Spot 6,Empty,2026-09-17T23:08:14.612220+00:00,,,,,,,,
2026-09-18T11:30:22.096872+00:00,spot_7,Spot 7,Empty,2026-09-18T01:01:48.664840+00:00,,,,,,,,
2026-09-18T11:30:22.096872+00:00,spot_8,Spot 8,Empty,2026-09-17T23:59:14.247427+00:00,,,,,,,,
2026-09-18T11:30:22.096872+00:00,spot_9,Spot 9,Empty,2026-09-17T21:32:17.145530+00:00,,,,,,,,
2026-09-18T11:30:22.096872+00:00,spot_10,Spot 10,Empty,2026-09-17T21:34:19.347215+00:00,,,,,,,,
2026-09-18T11:30:22.096872+00:00,spot_11,Spot 11,Empty,2026-09-17T21:39:15.819043+00:00,,,,,,,,
2026-09-18T11:30:22.096872+00:00,spot_12,Spot 12,Empty,2026-09-18T00:30:22.762438+00:00,,,,,,,,
2026-09-18T11:30:22.096872+00:00,spot_13,Spot 13,Empty,2026-09-18T00:56:19.559398+00:00,,,,,,,,
2026-09-18T11:30:22.096872+00:00,spot_14,Spot 14,Empty,2026-09-18T00:39:15.838015+00:00,,,,,,,,
2026-09-18T11:30:22.096872+00:00,spot_15,Spot 15,Empty,2026-09-17T22:21:18.480312+00:00,,,,,,,,
2026-09-18T11:30:22.096872+00:00,spot_16,Spot 16,Empty,2026-09-17T18:54:59.211877+00:00,,,,,,,,
2026-09-18T11:30:22.096872+00:00,spot_17,Spot 17,Empty,2026-09-17T18:54:59.211881+00:00,,,,,,,,
2026-09-18T11:31:18.626043+00:00,spot_1,Spot 1,Empty,2026-09-17T23:15:16.570232+00:00,,,,,,,,
2026-09-18T11:31:18.626043+00:00,spot_2,Spot 2,Empty,2026-09-17T18:54:59.211819+00:00,,,,,,,,
2026-09-18T11:31:18.626043+00:00,spot_3,Spot 3,Empty,2026-09-18T00:58:17.721972+00:00,,,,,,,,
2026-09-18T11:31:18.626043+00:00,spot_4,Spot 4,Empty,2026-09-17T19:31:40.829505+00:00,,,,,,,,
2026-09-18T11:31:18.626043+00:00,spot_5,Spot 5,Empty,2026-09-18T01:33:15.560778+00:00,,,,,,,,
2026-09-18T11:31:18.626043+00:00,spot_6,Spot 6,Empty,2026-09-17T23:08:14.612220+00:00,,,,,,,,
2026-09-18T11:31:18.626043+00:00,spot_7,Spot 7,Empty,2026-09-18T01:01:48.664840+00:00,,,,,,,,
2026-09-18T11:31:18.626043+00:00,spot_8,Spot 8,Empty,2026-09-17T23:59:14.247427+00:00,,,,,,,,
2026-09-18T11:31:18.626043+00:00,spot_9,Spot 9,Empty,2026-09-17T21:32:17.145530+00:00,,,,,,,,
2026-09-18T11:31:18.626043+00:00,spot_10,Spot 10,Empty,2026-09-17T21:34:19.347215+00:00,,,,,,,,
2026-09-18T11:31:18.626043+00:00,spot_11,Spot 11,Empty,2026-09-17T21:39:15.819043+00:00,,,,,,,,
2026-09-18T11:31:18.626043+00:00,spot_12,Spot 12,Empty,2026-09-18T00:30:22.762438+00:00,,,,,,,,
2026-09-18T11:31:18.626043+00:00,spot_13,Spot 13,Empty,2026-09-18T00:56:19.559398+00:00,,,,,,,,
2026-09-18T11:31:18.626043+00:00,spot_14,Spot 14,Empty,2026-09-18T00:39:15.838015+00:00,,,,,,,,
2026-09-18T11:31:18.626043+00:00,spot_15,Spot 15,Empty,2026-09-17T22:21:18.480312+00:00,,,,,,,,
2026-09-18T11:31:18.626043+00:00,spot_16,Spot 16,Empty,2026-09-17T18:54:59.211877+00:00,,,,,,,,
2026-09-18T11:31:18.626043+00:00,spot_17,Spot 17,Empty,2026-09-17T18:54:59.211881+00:00,,,,,,,,
2026-09-18T11:32:23.164239+00:00,spot_1,Spot 1,Empty,2026-09-17T23:15:16.570232+00:00,,,,,,,,
2026-09-18T11:32:23.164239+00:00,spot_2,Spot 2,Empty,2026-09-17T18:54:59.211819+00:00,,,,,,,,
2026-09-18T11:32:23.164239+00:00,spot_3,Spot 3,Empty,2026-09-18T00:58:17.721972+00:00,,,,,,,,
2026-09-18T11:32:23.164239+00:00,spot_4,Spot 4,Empty,2026-09-17T19:31:40.829505+00:00,,,,,,,,
2026-09-18T11:32:23.164239+00:00,spot_5,Spot 5,Empty,2026-09-18T01:33:15.560778+00:00,,,,,,,,
2026-09-18T11:32:23.164239+00:00,spot_6,Spot 6,Empty,2026-09-17T23:08:14.612220+00:00,,,,,,,,
2026-09-18T11:32:23.164239+00:00,spot_7,Spot 7,Empty,2026-09-18T01:01:48.664840+00:00,,,,,,,,
2026-09-18T11:32:23.164239+00:00,spot_8,Spot 8,Empty,2026-09-17T23:59:14.247427+00:00,,,,,,,,
2026-09-18T11:32:23.164239+00:00,spot_9,Spot 9,Empty,2026-09-17T21:32:17.145530+00:00,,,,,,,,
2026-09-18T11:32:23.164239+00:00,spot_10,Spot 10,Empty,2026-09-17T21:34:19.347215+00:00,,,,,,,,
2026-09-18T11:32:23.164239+00:00,spot_11,Spot 11,Empty,2026-09-17T21:39:15.819043+00:00,,,,,,,,
2026-09-18T11:32:23.164239+00:00,spot_12,Spot 12,Empty,2026-09-18T00:30:22.762438+00:00,,,,,,,,
2026-09-18T11:32:23.164239+00:00,spot_13,Spot 13,Empty,2026-09-18T00:56:19.559398+00:00,,,,,,,,
2026-09-18T11:32:23.164239+00:00,spot_14,Spot 14,Empty,2026-09-18T00:39:15.838015+00:00,,,,,,,,
2026-09-18T11:32:23.164239+00:00,spot_15,Spot 15,Empty,2026-09-17T22:21:18.480312+00:00,,,,,,,,
2026-09-18T11:32:23.164239+00:00,spot_16,Spot 16,Empty,2026-09-17T18:54:59.211877+00:00,,,,,,,,
2026-09-18T11:32:23.164239+00:00,spot_17,Spot 17,Empty,2026-09-17T18:54:59.211881+00:00,,,,,,,,
2026-09-18T11:33:18.150726+00:00,spot_1,Spot 1,Empty,2026-09-17T23:15:16.570232+00:00,,,,,,,,
2026-09-18T11:33:18.150726+00:00,spot_2,Spot 2,Empty,2026-09-17T18:54:59.211819+00:00,,,,,,,,
2026-09-18T11:33:18.150726+00:00,spot_3,Spot 3,Empty,2026-09-18T00:58:17.721972+00:00,,,,,,,,
2026-09-18T11:33:18.150726+00:00,spot_4,Spot 4,Empty,2026-09-17T19:31:40.829505+00:00,,,,,,,,
2026-09-18T11:33:18.150726+00:00,spot_5,Spot 5,Empty,2026-09-18T01:33:15.560778+00:00,,,,,,,,
2026-09-18T11:33:18.150726+00:00,spot_6,Spot 6,Empty,2026-09-17T23:08:14.612220+00:00,,,,,,,,
2026-09-18T11:33:18.150726+00:00,spot_7,Spot 7,Empty,2026-09-18T01:01:48.664840+00:00,,,,,,,,
2026-09-18T11:33:18.150726+00:00,spot_8,Spot 8,Empty,2026-09-17T23:59:14.247427+00:00,,,,,,,,
2026-09-18T11:33:18.150726+00:00,spot_9,Spot 9,Empty,2026-09-17T21:32:17.145530+00:00,,,,,,,,
2026-09-18T11:33:18.150726+00:00,spot_10,Spot 10,Empty,2026-09-17T21:34:19.347215+00:00,,,,,,,,
2026-09-18T11:33:18.150726+00:00,spot_11,Spot 11,Empty,2026-09-17T21:39:15.819043+00:00,,,,,,,,
2026-09-18T11:33:18.150726+00:00,spot_12,Spot 12,Empty,2026-09-18T00:30:22.762438+00:00,,,,,,,,
2026-09-18T11:33:18.150726+00:00,spot_13,Spot 13,Empty,2026-09-18T00:56:19.559398+00:00,,,,,,,,
2026-09-18T11:33:18.150726+00:00,spot_14,Spot 14,Empty,2026-09-18T00:39:15.838015+00:00,,,,,,,,
2026-09-18T11:33:18.150726+00:00,spot_15,Spot 15,Empty,2026-09-17T22:21:18.480312+00:00,,,,,,,,
2026-09-18T11:33:18.150726+00:00,spot_16,Spot 16,Empty,2026-09-17T18:54:59.211877+00:00,,,,,,,,
2026-09-18T11:33:18.150726+00:00,spot_17,Spot 17,Empty,2026-09-17T18:54:59.211881+00:00,,,,,,,,
2026-09-18T11:34:20.096315+00:00,spot_1,Spot 1,Empty,2026-09-17T23:15:16.570232+00:00,,,,,,,,
2026-09-18T11:34:20.096315+00:00,spot_2,Spot 2,Empty,2026-09-17T18:54:59.211819+00:00,,,,,,,,
2026-09-18T11:34:20.096315+00:00,spot_3,Spot 3,Empty,2026-09-18T00:58:17.721972+00:00,,,,,,,,
2026-09-18T11:34:20.096315+00:00,spot_4,Spot 4,Empty,2026-09-17T19:31:40.829505+00:00,,,,,,,,
2026-09-18T11:34:20.096315+00:00,spot_5,Spot 5,Empty,2026-09-18T01:33:15.560778+00:00,,,,,,,,
2026-09-18T11:34:20.096315+00:00,spot_6,Spot 6,Empty,2026-09-17T23:08:14.612220+00:00,,,,,,,,
2026-09-18T11:34:20.096315+00:00,spot_7,Spot 7,Empty,2026-09-18T01:01:48.664840+00:00,,,,,,,,
2026-09-18T11:34:20.096315+00:00,spot_8,Spot 8,Empty,2026-09-17T23:59:14.247427+00:00,,,,,,,,
2026-09-18T11:34:20.096315+00:00,spot_9,Spot 9,Empty,2026-09-17T21:32:17.145530+00:00,,,,,,,,
2026-09-18T11:34:20.096315+00:00,spot_10,Spot 10,Empty,2026-09-17T21:34:19.347215+00:00,,,,,,,,
2026-09-18T11:34:20.096315+00:00,spot_11,Spot 11,Empty,2026-09-17T21:39:15.819043+00:00,,,,,,,,
2026-09-18T11:34:20.096315+00:00,spot_12,Spot 12,Empty,2026-09-18T00:30:22.762438+00:00,,,,,,,,
2026-09-18T11:34:20.096315+00:00,spot_13,Spot 13,Empty,2026-09-18T00:56:19.559398+00:00,,,,,,,,
2026-09-18T11:34:20.096315+00:00,spot_14,Spot 14,Empty,2026-09-18T00:39:15.838015+00:00,,,,,,,,
2026-09-18T11:34:20.096315+00:00,spot_15,Spot 15,Empty,2026-09-17T22:21:18.480312+00:00,,,,,,,,
2026-09-18T11:34:20.096315+00:00,spot_16,Spot 16,Empty,2026-09-17T18:54:59.211877+00:00,,,,,,,,
2026-09-18T11:34:20.096315+00:00,spot_17,Spot 17,Empty,2026-09-17T18:54:59.211881+00:00,,,,,,,,
2026-09-18T11:35:19.669303+00:00,spot_1,Spot 1,Empty,2026-09-17T23:15:16.570232+00:00,,,,,,,,
2026-09-18T11:35:19.669303+00:00,spot_2,Spot 2,Empty,2026-09-17T18:54:59.211819+00:00,,,,,,,,
2026-09-18T11:35:19.669303+00:00,spot_3,Spot 3,Empty,2026-09-18T00:58:17.721972+00:00,,,,,,,,
2026-09-18T11:35:19.669303+00:00,spot_4,Spot 4,Empty,2026-09-17T19:31:40.829505+00:00,,,,,,,,
2026-09-18T11:35:19.669303+00:00,spot_5,Spot 5,Empty,2026-09-18T01:33:15.560778+00:00,,,,,,,,
2026-09-18T11:35:19.669303+00:00,spot_6,Spot 6,Empty,2026-09-17T23:08:14.612220+00:00,,,,,,,,
2026-09-18T11:35:19.669303+00:00,spot_7,Spot 7,Empty,2026-09-18T01:01:48.664840+00:00,,,,,,,,
2026-09-18T11:35:19.669303+00:00,spot_8,Spot 8,Empty,2026-09-17T23:59:14.247427+00:00,,,,,,,,
2026-09-18T11:35:19.669303+00:00,spot_9,Spot 9,Empty,2026-09-17T21:32:17.145530+00:00,,,,,,,,
2026-09-18T11:35:19.669303+00:00,spot_10,Spot 10,Empty,2026-09-17T21:34:19.347215+00:00,,,,,,,,
2026-09-18T11:35:19.669303+00:00,spot_11,Spot 11,Empty,2026-09-17T21:39:15.819043+00:00,,,,,,,,
2026-09-18T11:35:19.669303+00:00,spot_12,Spot 12,Empty,2026-09-18T00:30:22.762438+00:00,,,,,,,,
2026-09-18T11:35:19.669303+00:00,spot_13,Spot 13,Empty,2026-09-18T00:56:19.559398+00:00,,,,,,,,
2026-09-18T11:35:19.669303+00:00,spot_14,Spot 14,Empty,2026-09-18T00:39:15.838015+00:00,,,,,,,,
2026-09-18T11:35:19.669303+00:00,spot_15,Spot 15,Empty,2026-09-17T22:21:18.480312+00:00,,,,,,,,
2026-09-18T11:35:19.669303+00:00,spot_16,Spot 16,Empty,2026-09-17T18:54:59.211877+00:00,,,,,,,,
2026-09-18T11:35:19.669303+00:00,spot_17,Spot 17,Empty,2026-09-17T18:54:59.211881+00:00,,,,,,,,
2026-09-18T11:36:19.885440+00:00,spot_1,Spot 1,Empty,2026-09-17T23:15:16.570232+00:00,,,,,,,,
2026-09-18T11:36:19.885440+00:00,spot_2,Spot 2,Empty,2026-09-17T18:54:59.211819+00:00,,,,,,,,
2026-09-18T11:36:19.885440+00:00,spot_3,Spot 3,Empty,2026-09-18T00:58:17.721972+00:00,,,,,,,,
2026-09-18T11:36:19.885440+00:00,spot_4,Spot 4,Empty,2026-09-17T19:31:40.829505+00:00,,,,,,,,
2026-09-18T11:36:19.885440+00:00,spot_5,Spot 5,Empty,2026-09-18T01:33:15.560778+00:00,,,,,,,,
2026-09-18T11:36:19.885440+00:00,spot_6,Spot 6,Empty,2026-09-17T23:08:14.612220+00:00,,,,,,,,
2026-09-18T11:36:19.885440+00:00,spot_7,Spot 7,Empty,2026-09-18T01:01:48.664840+00:00,,,,,,,,
2026-09-18T11:36:19.885440+00:00,spot_8,Spot 8,Empty,2026-09-17T23:59:14.247427+00:00,,,,,,,,
2026-09-18T11:36:19.885440+00:00,spot_9,Spot 9,Empty,2026-09-17T21:32:17.145530+00:00,,,,,,,,
2026-09-18T11:36:19.885440+00:00,spot_10,Spot 10,Empty,2026-09-17T21:34:19.347215+00:00,,,,,,,,
2026-09-18T11:36:19.885440+00:00,spot_11,Spot 11,Empty,2026-09-17T21:39:15.819043+00:00,,,,,,,,
2026-09-18T11:36:19.885440+00:00,spot_12,Spot 12,Empty,2026-09-18T00:30:22.762438+00:00,,,,,,,,
2026-09-18T11:36:19.885440+00:00,spot_13,Spot 13,Empty,2026-09-18T00:56:19.559398+00:00,,,,,,,,
2026-09-18T11:36:19.885440+00:00,spot_14,Spot 14,Empty,2026-09-18T00:39:15.838015+00:00,,,,,,,,
2026-09-18T11:36:19.885440+00:00,spot_15,Spot 15,Empty,2026-09-17T22:21:18.480312+00:00,,,,,,,,
2026-09-18T11:36:19.885440+00:00,spot_16,Spot 16,Empty,2026-09-17T18:54:59.211877+00:00,,,,,,,,
2026-09-18T11:36:19.885440+00:00,spot_17,Spot 17,Empty,2026-09-17T18:54:59.211881+00:00,,,,,,,,
2026-09-18T11:37:17.486813+00:00,spot_1,Spot 1,Empty,2026-09-17T23:15:16.570232+00:00,,,,,,,,
2026-09-18T11:37:17.486813+00:00,spot_2,Spot 2,Empty,2026-09-17T18:54:59.211819+00:00,,,,,,,,
2026-09-18T11:37:17.486813+00:00,spot_3,Spot 3,Empty,2026-09-18T00:58:17.721972+00:00,,,,,,,,
2026-09-18T11:37:17.486813+00:00,spot_4,Spot 4,Empty,2026-09-17T19:31:40.829505+00:00,,,,,,,,
2026-09-18T11:37:17.486813+00:00,spot_5,Spot 5,Empty,2026-09-18T01:33:15.560778+00:00,,,,,,,,
2026-09-18T11:37:17.486813+00:00,spot_6,Spot 6,Empty,2026-09-17T23:08:14.612220+00:00,,,,,,,,
2026-09-18T11:37:17.486813+00:00,spot_7,Spot 7,Empty,2026-09-18T01:01:48.664840+00:00,,,,,,,,
2026-09-18T11:37:17.486813+00:00,spot_8,Spot 8,Empty,2026-09-17T23:59:14.247427+00:00,,,,,,,,
2026-09-18T11:37:17.486813+00:00,spot_9,Spot 9,Empty,2026-09-17T21:32:17.145530+00:00,,,,,,,,
2026-09-18T11:37:17.486813+00:00,spot_10,Spot 10,Empty,2026-09-17T21:34:19.347215+00:00,,,,,,,,
2026-09-18T11:37:17.486813+00:00,spot_11,Spot 11,Empty,2026-09-17T21:39:15.819043+00:00,,,,,,,,
2026-09-18T11:37:17.486813+00:00,spot_12,Spot 12,Empty,2026-09-18T00:30:22.762438+00:00,,,,,,,,
2026-09-18T11:37:17.486813+00:00,spot_13,Spot 13,Empty,2026-09-18T00:56:19.559398+00:00,,,,,,,,
2026-09-18T11:37:17.486813+00:00,spot_14,Spot 14,Empty,2026-09-18T00:39:15.838015+00:00,,,,,,,,
2026-09-18T11:37:17.486813+00:00,spot_15,Spot 15,Empty,2026-09-17T22:21:18.480312+00:00,,,,,,,,
2026-09-18T11:37:17.486813+00:00,spot_16,Spot 16,Empty,2026-09-17T18:54:59.211877+00:00,,,,,,,,
2026-09-18T11:37:17.486813+00:00,spot_17,Spot 17,Empty,2026-09-17T18:54:59.211881+00:00,,,,,,,,
2026-09-18T11:38:20.307227+00:00,spot_1,Spot 1,Empty,2026-09-17T23:15:16.570232+00:00,,,,,,,,
2026-09-18T11:38:20.307227+00:00,spot_2,Spot 2,Empty,2026-09-17T18:54:59.211819+00:00,,,,,,,,
2026-09-18T11:38:20.307227+00:00,spot_3,Spot 3,Empty,2026-09-18T00:58:17.721972+00:00,,,,,,,,
2026-09-18T11:38:20.307227+00:00,spot_4,Spot 4,Empty,2026-09-17T19:31:40.829505+00:00,,,,,,,,
2026-09-18T11:38:20.307227+00:00,spot_5,Spot 5,Empty,2026-09-18T01:33:15.560778+00:00,,,,,,,,
2026-09-18T11:38:20.307227+00:00,spot_6,Spot 6,Empty,2026-09-17T23:08:14.612220+00:00,,,,,,,,
2026-09-18T11:38:20.307227+00:00,spot_7,Spot 7,Empty,2026-09-18T01:01:48.664840+00:00,,,,,,,,
2026-09-18T11:38:20.307227+00:00,spot_8,Spot 8,Empty,2026-09-17T23:59:14.247427+00:00,,,,,,,,
2026-09-18T11:38:20.307227+00:00,spot_9,Spot 9,Empty,2026-09-17T21:32:17.145530+00:00,,,,,,,,
2026-09-18T11:38:20.307227+00:00,spot_10,Spot 10,Empty,2026-09-17T21:34:19.347215+00:00,,,,,,,,
2026-09-18T11:38:20.307227+00:00,spot_11,Spot 11,Empty,2026-09-17T21:39:15.819043+00:00,,,,,,,,
2026-09-18T11:38:20.307227+00:00,spot_12,Spot 12,Empty,2026-09-18T00:30:22.762438+00:00,,,,,,,,
2026-09-18T11:38:20.307227+00:00,spot_13,Spot 13,Empty,2026-09-18T00:56:19.559398+00:00,,,,,,,,
2026-09-18T11:38:20.307227+00:00,spot_14,Spot 14,Empty,2026-09-18T00:39:15.838015+00:00,,,,,,,,
2026-09-18T11:38:20.307227+00:00,spot_15,Spot 15,Empty,2026-09-17T22:21:18.480312+00:00,,,,,,,,
2026-09-18T11:38:20.307227+00:00,spot_16,Spot 16,Empty,2026-09-17T18:54:59.211877+00:00,,,,,,,,
2026-09-18T11:38:20.307227+00:00,spot_17,Spot 17,Empty,2026-09-17T18:54:59.211881+00:00,,,,,,,,
2026-09-18T11:39:18.374093+00:00,spot_1,Spot 1,Empty,2026-09-17T23:15:16.570232+00:00,,,,,,,,
2026-09-18T11:39:18.374093+00:00,spot_2,Spot 2,Empty,2026-09-17T18:54:59.211819+00:00,,,,,,,,
2026-09-18T11:39:18.374093+00:00,spot_3,Spot 3,Empty,2026-09-18T00:58:17.721972+00:00,,,,,,,,
2026-09-18T11:39:18.374093+00:00,spot_4,Spot 4,Empty,2026-09-17T19:31:40.829505+00:00,,,,,,,,
2026-09-18T11:39:18.374093+00:00,spot_5,Spot 5,Empty,2026-09-18T01:33:15.560778+00:00,,,,,,,,
2026-09-18T11:39:18.374093+00:00,spot_6,Spot 6,Empty,2026-09-17T23:08:14.612220+00:00,,,,,,,,
2026-09-18T11:39:18.374093+00:00,spot_7,Spot 7,Empty,2026-09-18T01:01:48.664840+00:00,,,,,,,,
2026-09-18T11:39:18.374093+00:00,spot_8,Spot 8,Empty,2026-09-17T23:59:14.247427+00:00,,,,,,,,
2026-09-18T11:39:18.374093+00:00,spot_9,Spot 9,Empty,2026-09-17T21:32:17.145530+00:00,,,,,,,,
2026-09-18T11:39:18.374093+00:00,spot_10,Spot 10,Empty,2026-09-17T21:34:19.347215+00:00,,,,,,,,
2026-09-18T11:39:18.374093+00:00,spot_11,Spot 11,Empty,2026-09-17T21:39:15.819043+00:00,,,,,,,,
2026-09-18T11:39:18.374093+00:00,spot_12,Spot 12,Empty,2026-09-18T00:30:22.762438+00:00,,,,,,,,
2026-09-18T11:39:18.374093+00:00,spot_13,Spot 13,Empty,2026-09-18T00:56:19.559398+00:00,,,,,,,,
2026-09-18T11:39:18.374093+00:00,spot_14,Spot 14,Empty,2026-09-18T00:39:15.838015+00:00,,,,,,,,
2026-09-18T11:39:18.374093+00:00,spot_15,Spot 15,Empty,2026-09-17T22:21:18.480312+00:00,,,,,,,,
2026-09-18T11:39:18.374093+00:00,spot_16,Spot 16,Empty,2026-09-17T18:54:59.211877+00:00,,,,,,,,
2026-09-18T11:39:18.374093+00:00,spot_17,Spot 17,Empty,2026-09-17T18:54:59.211881+00:00,,,,,,,,
2026-09-18T11:40:21.995797+00:00,spot_1,Spot 1,Empty,2026-09-17T23:15:16.570232+00:00,,,,,,,,
2026-09-18T11:40:21.995797+00:00,spot_2,Spot 2,Empty,2026-09-17T18:54:59.211819+00:00,,,,,,,,
2026-09-18T11:40:21.995797+00:00,spot_3,Spot 3,Empty,2026-09-18T00:58:17.721972+00:00,,,,,,,,
2026-09-18T11:40:21.995797+00:00,spot_4,Spot 4,Empty,2026-09-17T19:31:40.829505+00:00,,,,,,,,
2026-09-18T11:40:21.995797+00:00,spot_5,Spot 5,Empty,2026-09-18T01:33:15.560778+00:00,,,,,,,,
2026-09-18T11:40:21.995797+00:00,spot_6,Spot 6,Empty,2026-09-17T23:08:14.612220+00:00,,,,,,,,
2026-09-18T11:40:21.995797+00:00,spot_7,Spot 7,Empty,2026-09-18T01:01:48.664840+00:00,,,,,,,,
2026-09-18T11:40:21.995797+00:00,spot_8,Spot 8,Empty,2026-09-17T23:59:14.247427+00:00,,,,,,,,
2026-09-18T11:40:21.995797+00:00,spot_9,Spot 9,Empty,2026-09-17T21:32:17.145530+00:00,,,,,,,,
2026-09-18T11:40:21.995797+00:00,spot_10,Spot 10,Empty,2026-09-17T21:34:19.347215+00:00,,,,,,,,
2026-09-18T11:40:21.995797+00:00,spot_11,Spot 11,Empty,2026-09-17T21:39:15.819043+00:00,,,,,,,,
2026-09-18T11:40:21.995797+00:00,spot_12,Spot 12,Empty,2026-09-18T00:30:22.762438+00:00,,,,,,,,
2026-09-18T11:40:21.995797+00:00,spot_13,Spot 13,Empty,2026-09-18T00:56:19.559398+00:00,,,,,,,,
2026-09-18T11:40:21.995797+00:00,spot_14,Spot 14,Empty,2026-09-18T00:39:15.838015+00:00,,,,,,,,
2026-09-18T11:40:21.995797+00:00,spot_15,Spot 15,Empty,2026-09-17T22:21:18.480312+00:00,,,,,,,,
2026-09-18T11:40:21.995797+00:00,spot_16,Spot 16,Empty,2026-09-17T18:54:59.211877+00:00,,,,,,,,
2026-09-18T11:40:21.995797+00:00,spot_17,Spot 17,Empty,2026-09-17T18:54:59.211881+00:00,,,,,,,,
2026-09-18T11:41:17.203407+00:00,spot_1,Spot 1,Empty,2026-09-17T23:15:16.570232+00:00,,,,,,,,
2026-09-18T11:41:17.203407+00:00,spot_2,Spot 2,Empty,2026-09-17T18:54:59.211819+00:00,,,,,,,,
2026-09-18T11:41:17.203407+00:00,spot_3,Spot 3,Empty,2026-09-18T00:58:17.721972+00:00,,,,,,,,
2026-09-18T11:41:17.203407+00:00,spot_4,Spot 4,Empty,2026-09-17T19:31:40.829505+00:00,,,,,,,,
2026-09-18T11:41:17.203407+00:00,spot_5,Spot 5,Empty,2026-09-18T01:33:15.560778+00:00,,,,,,,,
2026-09-18T11:41:17.203407+00:00,spot_6,Spot 6,Empty,2026-09-17T23:08:14.612220+00:00,,,,,,,,
2026-09-18T11:41:17.203407+00:00,spot_7,Spot 7,Empty,2026-09-18T01:01:48.664840+00:00,,,,,,,,
2026-09-18T11:41:17.203407+00:00,spot_8,Spot 8,Empty,2026-09-17T23:59:14.247427+00:00,,,,,,,,
2026-09-18T11:41:17.203407+00:00,spot_9,Spot 9,Empty,2026-09-17T21:32:17.145530+00:00,,,,,,,,
2026-09-18T11:41:17.203407+00:00,spot_10,Spot 10,Empty,2026-09-17T21:34:19.347215+00:00,,,,,,,,
2026-09-18T11:41:17.203407+00:00,spot_11,Spot 11,Empty,2026-09-17T21:39:15.819043+00:00,,,,,,,,
2026-09-18T11:41:17.203407+00:00,spot_12,Spot 12,Empty,2026-09-18T00:30:22.762438+00:00,,,,,,,,
2026-09-18T11:41:17.203407+00:00,spot_13,Spot 13,Empty,2026-09-18T00:56:19.559398+00:00,,,,,,,,
2026-09-18T11:41:17.203407+00:00,spot_14,Spot 14,Empty,2026-09-18T00:39:15.838015+00:00,,,,,,,,
2026-09-18T11:41:17.203407+00:00,spot_15,Spot 15,Empty,2026-09-17T22:21:18.480312+00:00,,,,,,,,
2026-09-18T11:41:17.203407+00:00,spot_16,Spot 16,Empty,2026-09-17T18:54:59.211877+00:00,,,,,,,,
2026-09-18T11:41:17.203407+00:00,spot_17,Spot 17,Empty,2026-09-17T18:54:59.211881+00:00,,,,,,,,
2026-09-18T11:42:21.636817+00:00,spot_1,Spot 1,Empty,2026-09-17T23:15:16.570232+00:00,,,,,,,,
2026-09-18T11:42:21.636817+00:00,spot_2,Spot 2,Empty,2026-09-17T18:54:59.211819+00:00,,,,,,,,
2026-09-18T11:42:21.636817+00:00,spot_3,Spot 3,Empty,2026-09-18T00:58:17.721972+00:00,,,,,,,,
2026-09-18T11:42:21.636817+00:00,spot_4,Spot 4,Empty,2026-09-17T19:31:40.829505+00:00,,,,,,,,
2026-09-18T11:42:21.636817+00:00,spot_5,Spot 5,Empty,2026-09-18T01:33:15.560778+00:00,,,,,,,,
2026-09-18T11:42:21.636817+00:00,spot_6,Spot 6,Empty,2026-09-17T23:08:14.612220+00:00,,,,,,,,
2026-09-18T11:42:21.636817+00:00,spot_7,Spot 7,Empty,2026-09-18T01:01:48.664840+00:00,,,,,,,,
2026-09-18T11:42:21.636817+00:00,spot_8,Spot 8,Empty,2026-09-17T23:59:14.247427+00:00,,,,,,,,
2026-09-18T11:42:21.636817+00:00,spot_9,Spot 9,Empty,2026-09-17T21:32:17.145530+00:00,,,,,,,,
2026-09-18T11:42:21.636817+00:00,spot_10,Spot 10,Empty,2026-09-17T21:34:19.347215+00:00,,,,,,,,
2026-09-18T11:42:21.636817+00:00,spot_11,Spot 11,Empty,2026-09-17T21:39:15.819043+00:00,,,,,,,,
2026-09-18T11:42:21.636817+00:00,spot_12,Spot 12,Empty,2026-09-18T00:30:22.762438+00:00,,,,,,,,
2026-09-18T11:42:21.636817+00:00,spot_13,Spot 13,Empty,2026-09-18T00:56:19.559398+00:00,,,,,,,,
2026-09-18T11:42:21.636817+00:00,spot_14,Spot 14,Empty,2026-09-18T00:39:15.838015+00:00,,,,,,,,
2026-09-18T11:42:21.636817+00:00,spot_15,Spot 15,Empty,2026-09-17T22:21:18.480312+00:00,,,,,,,,
2026-09-18T11:42:21.636817+00:00,spot_16,Spot 16,Empty,2026-09-17T18:54:59.211877+00:00,,,,,,,,
2026-09-18T11:42:21.636817+00:00,spot_17,Spot 17,Empty,2026-09-17T18:54:59.211881+00:00,,,,,,,,
2026-09-18T11:43:17.655310+00:00,spot_1,Spot 1,Empty,2026-09-17T23:15:16.570232+00:00,,,,,,,,
2026-09-18T11:43:17.655310+00:00,spot_2,Spot 2,Empty,2026-09-17T18:54:59.211819+00:00,,,,,,,,
2026-09-18T11:43:17.655310+00:00,spot_3,Spot 3,Empty,2026-09-18T00:58:17.721972+00:00,,,,,,,,
2026-09-18T11:43:17.655310+00:00,spot_4,Spot 4,Empty,2026-09-17T19:31:40.829505+00:00,,,,,,,,
2026-09-18T11:43:17.655310+00:00,spot_5,Spot 5,Empty,2026-09-18T01:33:15.560778+00:00,,,,,,,,
2026-09-18T11:43:17.655310+00:00,spot_6,Spot 6,Empty,2026-09-17T23:08:14.612220+00:00,,,,,,,,
2026-09-18T11:43:17.655310+00:00,spot_7,Spot 7,Empty,2026-09-18T01:01:48.664840+00:00,,,,,,,,
2026-09-18T11:43:17.655310+00:00,spot_8,Spot 8,Empty,2026-09-17T23:59:14.247427+00:00,,,,,,,,
2026-09-18T11:43:17.655310+00:00,spot_9,Spot 9,Empty,2026-09-17T21:32:17.145530+00:00,,,,,,,,
2026-09-18T11:43:17.655310+00:00,spot_10,Spot 10,Empty,2026-09-17T21:34:19.347215+00:00,,,,,,,,
2026-09-18T11:43:17.655310+00:00,spot_11,Spot 11,Empty,2026-09-17T21:39:15.819043+00:00,,,,,,,,
2026-09-18T11:43:17.655310+00:00,spot_12,Spot 12,Empty,2026-09-18T00:30:22.762438+00:00,,,,,,,,
2026-09-18T11:43:17.655310+00:00,spot_13,Spot 13,Empty,2026-09-18T00:56:19.559398+00:00,,,,,,,,
2026-09-18T11:43:17.655310+00:00,spot_14,Spot 14,Empty,2026-09-18T00:39:15.838015+00:00,,,,,,,,
2026-09-18T11:43:17.655310+00:00,spot_15,Spot 15,Empty,2026-09-17T22:21:18.480312+00:00,,,,,,,,
2026-09-18T11:43:17.655310+00:00,spot_16,Spot 16,Empty,2026-09-17T18:54:59.211877+00:00,,,,,,,,
2026-09-18T11:43:17.655310+00:00,spot_17,Spot 17,Empty,2026-09-17T18:54:59.211881+00:00,,,,,,,,
2026-09-18T11:44:20.986464+00:00,spot_1,Spot 1,Empty,2026-09-17T23:15:16.570232+00:00,,,,,,,,
2026-09-18T11:44:20.986464+00:00,spot_2,Spot 2,Empty,2026-09-17T18:54:59.211819+00:00,,,,,,,,
2026-09-18T11:44:20.986464+00:00,spot_3,Spot 3,Empty,2026-09-18T00:58:17.721972+00:00,,,,,,,,
2026-09-18T11:44:20.986464+00:00,spot_4,Spot 4,Empty,2026-09-17T19:31:40.829505+00:00,,,,,,,,
2026-09-18T11:44:20.986464+00:00,spot_5,Spot 5,Empty,2026-09-18T01:33:15.560778+00:00,,,,,,,,
2026-09-18T11:44:20.986464+00:00,spot_6,Spot 6,Empty,2026-09-17T23:08:14.612220+00:00,,,,,,,,
2026-09-18T11:44:20.986464+00:00,spot_7,Spot 7,Empty,2026-09-18T01:01:48.664840+00:00,,,,,,,,
2026-09-18T11:44:20.986464+00:00,spot_8,Spot 8,Empty,2026-09-17T23:59:14.247427+00:00,,,,,,,,
2026-09-18T11:44:20.986464+00:00,spot_9,Spot 9,Empty,2026-09-17T21:32:17.145530+00:00,,,,,,,,
2026-09-18T11:44:20.986464+00:00,spot_10,Spot 10,Empty,2026-09-17T21:34:19.347215+00:00,,,,,,,,
2026-09-18T11:44:20.986464+00:00,spot_11,Spot 11,Empty,2026-09-17T21:39:15.819043+00:00,,,,,,,,
2026-09-18T11:44:20.986464+00:00,spot_12,Spot 12,Empty,2026-09-18T00:30:22.762438+00:00,,,,,,,,
2026-09-18T11:44:20.986464+00:00,spot_13,Spot 13,Empty,2026-09-18T00:56:19.559398+00:00,,,,,,,,
2026-09-18T11:44:20.986464+00:00,spot_14,Spot 14,Empty,2026-09-18T00:39:15.838015+00:00,,,,,,,,
2026-09-18T11:44:20.986464+00:00,spot_15,Spot 15,Empty,2026-09-17T22:21:18.480312+00:00,,,,,,,,
2026-09-18T11:44:20.986464+00:00,spot_16,Spot 16,Empty,2026-09-17T18:54:59.211877+00:00,,,,,,,,
2026-09-18T11:44:20.986464+00:00,spot_17,Spot 17,Empty,2026-09-17T18:54:59.211881+00:00,,,,,,,,
2026-09-18T11:45:20.368012+00:00,spot_1,Spot 1,Empty,2026-09-17T23:15:16.570232+00:00,,,,,,,,
2026-09-18T11:45:20.368012+00:00,spot_2,Spot 2,Empty,2026-09-17T18:54:59.211819+00:00,,,,,,,,
2026-09-18T11:45:20.368012+00:00,spot_3,Spot 3,Empty,2026-09-18T00:58:17.721972+00:00,,,,,,,,
2026-09-18T11:45:20.368012+00:00,spot_4,Spot 4,Empty,2026-09-17T19:31:40.829505+00:00,,,,,,,,
2026-09-18T11:45:20.368012+00:00,spot_5,Spot 5,Empty,2026-09-18T01:33:15.560778+00:00,,,,,,,,
2026-09-18T11:45:20.368012+00:00,spot_6,Spot 6,Empty,2026-09-17T23:08:14.612220+00:00,,,,,,,,
2026-09-18T11:45:20.368012+00:00,spot_7,Spot 7,Empty,2026-09-18T01:01:48.664840+00:00,,,,,,,,
2026-09-18T11:45:20.368012+00:00,spot_8,Spot 8,Empty,2026-09-17T23:59:14.247427+00:00,,,,,,,,
2026-09-18T11:45:20.368012+00:00,spot_9,Spot 9,Empty,2026-09-17T21:32:17.145530+00:00,,,,,,,,
2026-09-18T11:45:20.368012+00:00,spot_10,Spot 10,Empty,2026-09-17T21:34:19.347215+00:00,,,,,,,,
2026-09-18T11:45:20.368012+00:00,spot_11,Spot 11,Empty,2026-09-17T21:39:15.819043+00:00,,,,,,,,
2026-09-18T11:45:20.368012+00:00,spot_12,Spot 12,Empty,2026-09-18T00:30:22.762438+00:00,,,,,,,,
2026-09-18T11:45:20.368012+00:00,spot_13,Spot 13,Empty,2026-09-18T00:56:19.559398+00:00,,,,,,,,
2026-09-18T11:45:20.368012+00:00,spot_14,Spot 14,Empty,2026-09-18T00:39:15.838015+00:00,,,,,,,,
2026-09-18T11:45:20.368012+00:00,spot_15,Spot 15,Empty,2026-09-17T22:21:18.480312+00:00,,,,,,,,
2026-09-18T11:45:20.368012+00:00,spot_16,Spot 16,Empty,2026-09-17T18:54:59.211877+00:00,,,,,,,,
2026-09-18T11:45:20.368012+00:00,spot_17,Spot 17,Empty,2026-09-17T18:54:59.211881+00:00,,,,,,,,
2026-09-18T11:46:20.855885+00:00,spot_1,Spot 1,Empty,2026-09-17T23:15:16.570232+00:00,,,,,,,,
2026-09-18T11:46:20.855885+00:00,spot_2,Spot 2,Empty,2026-09-17T18:54:59.211819+00:00,,,,,,,,
2026-09-18T11:46:20.855885+00:00,spot_3,Spot 3,Empty,2026-09-18T00:58:17.721972+00:00,,,,,,,,
2026-09-18T11:46:20.855885+00:00,spot_4,Spot 4,Empty,2026-09-17T19:31:40.829505+00:00,,,,,,,,
2026-09-18T11:46:20.855885+00:00,spot_5,Spot 5,Empty,2026-09-18T01:33:15.560778+00:00,,,,,,,,
2026-09-18T11:46:20.855885+00:00,spot_6,Spot 6,Empty,2026-09-17T23:08:14.612220+00:00,,,,,,,,
2026-09-18T11:46:20.855885+00:00,spot_7,Spot 7,Empty,2026-09-18T01:01:48.664840+00:00,,,,,,,,
2026-09-18T11:46:20.855885+00:00,spot_8,Spot 8,Empty,2026-09-17T23:59:14.247427+00:00,,,,,,,,
2026-09-18T11:46:20.855885+00:00,spot_9,Spot 9,Empty,2026-09-17T21:32:17.145530+00:00,,,,,,,,
2026-09-18T11:46:20.855885+00:00,spot_10,Spot 10,Empty,2026-09-17T21:34:19.347215+00:00,,,,,,,,
2026-09-18T11:46:20.855885+00:00,spot_11,Spot 11,Empty,2026-09-17T21:39:15.819043+00:00,,,,,,,,
2026-09-18T11:46:20.855885+00:00,spot_12,Spot 12,Empty,2026-09-18T00:30:22.762438+00:00,,,,,,,,
2026-09-18T11:46:20.855885+00:00,spot_13,Spot 13,Empty,2026-09-18T00:56:19.559398+00:00,,,,,,,,
2026-09-18T11:46:20.855885+00:00,spot_14,Spot 14,Empty,2026-09-18T00:39:15.838015+00:00,,,,,,,,
2026-09-18T11:46:20.855885+00:00,spot_15,Spot 15,Empty,2026-09-17T22:21:18.480312+00:00,,,,,,,,
2026-09-18T11:46:20.855885+00:00,spot_16,Spot 16,Empty,2026-09-17T18:54:59.211877+00:00,,,,,,,,
2026-09-18T11:46:20.855885+00:00,spot_17,Spot 17,Empty,2026-09-17T18:54:59.211881+00:00,,,,,,,,
2026-09-18T11:47:18.387653+00:00,spot_1,Spot 1,Empty,2026-09-17T23:15:16.570232+00:00,,,,,,,,
2026-09-18T11:47:18.387653+00:00,spot_2,Spot 2,Empty,2026-09-17T18:54:59.211819+00:00,,,,,,,,
2026-09-18T11:47:18.387653+00:00,spot_3,Spot 3,Empty,2026-09-18T00:58:17.721972+00:00,,,,,,,,
2026-09-18T11:47:18.387653+00:00,spot_4,Spot 4,Empty,2026-09-17T19:31:40.829505+00:00,,,,,,,,
2026-09-18T11:47:18.387653+00:00,spot_5,Spot 5,Empty,2026-09-18T01:33:15.560778+00:00,,,,,,,,
2026-09-18T11:47:18.387653+00:00,spot_6,Spot 6,Empty,2026-09-17T23:08:14.612220+00:00,,,,,,,,
2026-09-18T11:47:18.387653+00:00,spot_7,Spot 7,Empty,2026-09-18T01:01:48.664840+00:00,,,,,,,,
2026-09-18T11:47:18.387653+00:00,spot_8,Spot 8,Empty,2026-09-17T23:59:14.247427+00:00,,,,,,,,
2026-09-18T11:47:18.387653+00:00,spot_9,Spot 9,Empty,2026-09-17T21:32:17.145530+00:00,,,,,,,,
2026-09-18T11:47:18.387653+00:00,spot_10,Spot 10,Empty,2026-09-17T21:34:19.347215+00:00,,,,,,,,
2026-09-18T11:47:18.387653+00:00,spot_11,Spot 11,Empty,2026-09-17T21:39:15.819043+00:00,,,,,,,,
2026-09-18T11:47:18.387653+00:00,spot_12,Spot 12,Empty,2026-09-18T00:30:22.762438+00:00,,,,,,,,
2026-09-18T11:47:18.387653+00:00,spot_13,Spot 13,Empty,2026-09-18T00:56:19.559398+00:00,,,,,,,,
2026-09-18T11:47:18.387653+00:00,spot_14,Spot 14,Empty,2026-09-18T00:39:15.838015+00:00,,,,,,,,
2026-09-18T11:47:18.387653+00:00,spot_15,Spot 15,Empty,2026-09-17T22:21:18.480312+00:00,,,,,,,,
2026-09-18T11:47:18.387653+00:00,spot_16,Spot 16,Empty,2026-09-17T18:54:59.211877+00:00,,,,,,,,
2026-09-18T11:47:18.387653+00:00,spot_17,Spot 17,Empty,2026-09-17T18:54:59.211881+00:00,,,,,,,,
2026-09-18T11:48:20.452669+00:00,spot_1,Spot 1,Empty,2026-09-17T23:15:16.570232+00:00,,,,,,,,
2026-09-18T11:48:20.452669+00:00,spot_2,Spot 2,Empty,2026-09-17T18:54:59.211819+00:00,,,,,,,,
2026-09-18T11:48:20.452669+00:00,spot_3,Spot 3,Empty,2026-09-18T00:58:17.721972+00:00,,,,,,,,
2026-09-18T11:48:20.452669+00:00,spot_4,Spot 4,Empty,2026-09-17T19:31:40.829505+00:00,,,,,,,,
2026-09-18T11:48:20.452669+00:00,spot_5,Spot 5,Empty,2026-09-18T01:33:15.560778+00:00,,,,,,,,
2026-09-18T11:48:20.452669+00:00,spot_6,Spot 6,Empty,2026-09-17T23:08:14.612220+00:00,,,,,,,,
2026-09-18T11:48:20.452669+00:00,spot_7,Spot 7,Empty,2026-09-18T01:01:48.664840+00:00,,,,,,,,
2026-09-18T11:48:20.452669+00:00,spot_8,Spot 8,Empty,2026-09-17T23:59:14.247427+00:00,,,,,,,,
2026-09-18T11:48:20.452669+00:00,spot_9,Spot 9,Empty,2026-09-17T21:32:17.145530+00:00,,,,,,,,
2026-09-18T11:48:20.452669+00:00,spot_10,Spot 10,Empty,2026-09-17T21:34:19.347215+00:00,,,,,,,,
2026-09-18T11:48:20.452669+00:00,spot_11,Spot 11,Empty,2026-09-17T21:39:15.819043+00:00,,,,,,,,
2026-09-18T11:48:20.452669+00:00,spot_12,Spot 12,Empty,2026-09-18T00:30:22.762438+00:00,,,,,,,,
2026-09-18T11:48:20.452669+00:00,spot_13,Spot 13,Empty,2026-09-18T00:56:19.559398+00:00,,,,,,,,
2026-09-18T11:48:20.452669+00:00,spot_14,Spot 14,Empty,2026-09-18T00:39:15.838015+00:00,,,,,,,,
2026-09-18T11:48:20.452669+00:00,spot_15,Spot 15,Empty,2026-09-17T22:21:18.480312+00:00,,,,,,,,
2026-09-18T11:48:20.452669+00:00,spot_16,Spot 16,Empty,2026-09-17T18:54:59.211877+00:00,,,,,,,,
2026-09-18T11:48:20.452669+00:00,spot_17,Spot 17,Empty,2026-09-17T18:54:59.211881+00:00,,,,,,,,
2026-09-18T11:49:18.166490+00:00,spot_1,Spot 1,Empty,2026-09-17T23:15:16.570232+00:00,,,,,,,,
2026-09-18T11:49:18.166490+00:00,spot_2,Spot 2,Empty,2026-09-17T18:54:59.211819+00:00,,,,,,,,
2026-09-18T11:49:18.166490+00:00,spot_3,Spot 3,Empty,2026-09-18T00:58:17.721972+00:00,,,,,,,,
2026-09-18T11:49:18.166490+00:00,spot_4,Spot 4,Empty,2026-09-17T19:31:40.829505+00:00,,,,,,,,
2026-09-18T11:49:18.166490+00:00,spot_5,Spot 5,Empty,2026-09-18T01:33:15.560778+00:00,,,,,,,,
2026-09-18T11:49:18.166490+00:00,spot_6,Spot 6,Empty,2026-09-17T23:08:14.612220+00:00,,,,,,,,
2026-09-18T11:49:18.166490+00:00,spot_7,Spot 7,Empty,2026-09-18T01:01:48.664840+00:00,,,,,,,,
2026-09-18T11:49:18.166490+00:00,spot_8,Spot 8,Empty,2026-09-17T23:59:14.247427+00:00,,,,,,,,
2026-09-18T11:49:18.166490+00:00,spot_9,Spot 9,Empty,2026-09-17T21:32:17.145530+00:00,,,,,,,,
2026-09-18T11:49:18.166490+00:00,spot_10,Spot 10,Empty,2026-09-17T21:34:19.347215+00:00,,,,,,,,
2026-09-18T11:49:18.166490+00:00,spot_11,Spot 11,Empty,2026-09-17T21:39:15.819043+00:00,,,,,,,,
2026-09-18T11:49:18.166490+00:00,spot_12,Spot 12,Empty,2026-09-18T00:30:22.762438+00:00,,,,,,,,
2026-09-18T11:49:18.166490+00:00,spot_13,Spot 13,Empty,2026-09-18T00:56:19.559398+00:00,,,,,,,,
2026-09-18T11:49:18.166490+00:00,spot_14,Spot 14,Empty,2026-09-18T00:39:15.838015+00:00,,,,,,,,
2026-09-18T11:49:18.166490+00:00,spot_15,Spot 15,Empty,2026-09-17T22:21:18.480312+00:00,,,,,,,,
2026-09-18T11:49:18.166490+00:00,spot_16,Spot 16,Empty,2026-09-17T18:54:59.211877+00:00,,,,,,,,
2026-09-18T11:49:18.166490+00:00,spot_17,Spot 17,Empty,2026-09-17T18:54:59.211881+00:00,,,,,,,,
2026-09-18T11:50:20.410615+00:00,spot_1,Spot 1,Empty,2026-09-17T23:15:16.570232+00:00,,,,,,,,
2026-09-18T11:50:20.410615+00:00,spot_2,Spot 2,Empty,2026-09-17T18:54:59.211819+00:00,,,,,,,,
2026-09-18T11:50:20.410615+00:00,spot_3,Spot 3,Empty,2026-09-18T00:58:17.721972+00:00,,,,,,,,
2026-09-18T11:50:20.410615+00:00,spot_4,Spot 4,Empty,2026-09-17T19:31:40.829505+00:00,,,,,,,,
2026-09-18T11:50:20.410615+00:00,spot_5,Spot 5,Empty,2026-09-18T01:33:15.560778+00:00,,,,,,,,
2026-09-18T11:50:20.410615+00:00,spot_6,Spot 6,Empty,2026-09-17T23:08:14.612220+00:00,,,,,,,,
2026-09-18T11:50:20.410615+00:00,spot_7,Spot 7,Empty,2026-09-18T01:01:48.664840+00:00,,,,,,,,
2026-09-18T11:50:20.410615+00:00,spot_8,Spot 8,Empty,2026-09-17T23:59:14.247427+00:00,,,,,,,,
2026-09-18T11:50:20.410615+00:00,spot_9,Spot 9,Empty,2026-09-17T21:32:17.145530+00:00,,,,,,,,
2026-09-18T11:50:20.410615+00:00,spot_10,Spot 10,Empty,2026-09-17T21:34:19.347215+00:00,,,,,,,,
2026-09-18T11:50:20.410615+00:00,spot_11,Spot 11,Empty,2026-09-17T21:39:15.819043+00:00,,,,,,,,
2026-09-18T11:50:20.410615+00:00,spot_12,Spot 12,Empty,2026-09-18T00:30:22.762438+00:00,,,,,,,,
2026-09-18T11:50:20.410615+00:00,spot_13,Spot 13,Empty,2026-09-18T00:56:19.559398+00:00,,,,,,,,
2026-09-18T11:50:20.410615+00:00,spot_14,Spot 14,Empty,2026-09-18T00:39:15.838015+00:00,,,,,,,,
2026-09-18T11:50:20.410615+00:00,spot_15,Spot 15,Empty,2026-09-17T22:21:18.480312+00:00,,,,,,,,
2026-09-18T11:50:20.410615+00:00,spot_16,Spot 16,Empty,2026-09-17T18:54:59.211877+00:00,,,,,,,,
2026-09-18T11:50:20.410615+00:00,spot_17,Spot 17,Empty,2026-09-17T18:54:59.211881+00:00,,,,,,,,
2026-09-18T11:51:18.873038+00:00,spot_1,Spot 1,Empty,2026-09-17T23:15:16.570232+00:00,,,,,,,,
2026-09-18T11:51:18.873038+00:00,spot_2,Spot 2,Empty,2026-09-17T18:54:59.211819+00:00,,,,,,,,
2026-09-18T11:51:18.873038+00:00,spot_3,Spot 3,Empty,2026-09-18T00:58:17.721972+00:00,,,,,,,,
2026-09-18T11:51:18.873038+00:00,spot_4,Spot 4,Empty,2026-09-17T19:31:40.829505+00:00,,,,,,,,
2026-09-18T11:51:18.873038+00:00,spot_5,Spot 5,Empty,2026-09-18T01:33:15.560778+00:00,,,,,,,,
2026-09-18T11:51:18.873038+00:00,spot_6,Spot 6,Empty,2026-09-17T23:08:14.612220+00:00,,,,,,,,
2026-09-18T11:51:18.873038+00:00,spot_7,Spot 7,Empty,2026-09-18T01:01:48.664840+00:00,,,,,,,,
2026-09-18T11:51:18.873038+00:00,spot_8,Spot 8,Empty,2026-09-17T23:59:14.247427+00:00,,,,,,,,
2026-09-18T11:51:18.873038+00:00,spot_9,Spot 9,Empty,2026-09-17T21:32:17.145530+00:00,,,,,,,,
2026-09-18T11:51:18.873038+00:00,spot_10,Spot 10,Empty,2026-09-17T21:34:19.347215+00:00,,,,,,,,
2026-09-18T11:51:18.873038+00:00,spot_11,Spot 11,Empty,2026-09-17T21:39:15.819043+00:00,,,,,,,,
2026-09-18T11:51:18.873038+00:00,spot_12,Spot 12,Empty,2026-09-18T00:30:22.762438+00:00,,,,,,,,
2026-09-18T11:51:18.873038+00:00,spot_13,Spot 13,Empty,2026-09-18T00:56:19.559398+00:00,,,,,,,,
2026-09-18T11:51:18.873038+00:00,spot_14,Spot 14,Empty,2026-09-18T00:39:15.838015+00:00,,,,,,,,
2026-09-18T11:51:18.873038+00:00,spot_15,Spot 15,Empty,2026-09-17T22:21:18.480312+00:00,,,,,,,,
2026-09-18T11:51:18.873038+00:00,spot_16,Spot 16,Empty,2026-09-17T18:54:59.211877+00:00,,,,,,,,
2026-09-18T11:51:18.873038+00:00,spot_17,Spot 17,Empty,2026-09-17T18:54:59.211881+00:00,,,,,,,,
2026-09-18T11:52:23.132887+00:00,spot_1,Spot 1,Empty,2026-09-17T23:15:16.570232+00:00,,,,,,,,
2026-09-18T11:52:23.132887+00:00,spot_2,Spot 2,Empty,2026-09-17T18:54:59.211819+00:00,,,,,,,,
2026-09-18T11:52:23.132887+00:00,spot_3,Spot 3,Empty,2026-09-18T00:58:17.721972+00:00,,,,,,,,
2026-09-18T11:52:23.132887+00:00,spot_4,Spot 4,Empty,2026-09-17T19:31:40.829505+00:00,,,,,,,,
2026-09-18T11:52:23.132887+00:00,spot_5,Spot 5,Empty,2026-09-18T01:33:15.560778+00:00,,,,,,,,
2026-09-18T11:52:23.132887+00:00,spot_6,Spot 6,Empty,2026-09-17T23:08:14.612220+00:00,,,,,,,,
2026-09-18T11:52:23.132887+00:00,spot_7,Spot 7,Empty,2026-09-18T01:01:48.664840+00:00,,,,,,,,
2026-09-18T11:52:23.132887+00:00,spot_8,Spot 8,Empty,2026-09-17T23:59:14.247427+00:00,,,,,,,,
2026-09-18T11:52:23.132887+00:00,spot_9,Spot 9,Empty,2026-09-17T21:32:17.145530+00:00,,,,,,,,
2026-09-18T11:52:23.132887+00:00,spot_10,Spot 10,Empty,2026-09-17T21:34:19.347215+00:00,,,,,,,,
2026-09-18T11:52:23.132887+00:00,spot_11,Spot 11,Empty,2026-09-17T21:39:15.819043+00:00,,,,,,,,
2026-09-18T11:52:23.132887+00:00,spot_12,Spot 12,Empty,2026-09-18T00:30:22.762438+00:00,,,,,,,,
2026-09-18T11:52:23.132887+00:00,spot_13,Spot 13,Empty,2026-09-18T00:56:19.559398+00:00,,,,,,,,
2026-09-18T11:52:23.132887+00:00,spot_14,Spot 14,Empty,2026-09-18T00:39:15.838015+00:00,,,,,,,,
2026-09-18T11:52:23.132887+00:00,spot_15,Spot 15,Empty,2026-09-17T22:21:18.480312+00:00,,,,,,,,
2026-09-18T11:52:23.132887+00:00,spot_16,Spot 16,Empty,2026-09-17T18:54:59.211877+00:00,,,,,,,,
2026-09-18T11:52:23.132887+00:00,spot_17,Spot 17,Empty,2026-09-17T18:54:59.211881+00:00,,,,,,,,
2026-09-18T11:53:17.246413+00:00,spot_1,Spot 1,Empty,2026-09-17T23:15:16.570232+00:00,,,,,,,,
2026-09-18T11:53:17.246413+00:00,spot_2,Spot 2,Empty,2026-09-17T18:54:59.211819+00:00,,,,,,,,
2026-09-18T11:53:17.246413+00:00,spot_3,Spot 3,Empty,2026-09-18T00:58:17.721972+00:00,,,,,,,,
2026-09-18T11:53:17.246413+00:00,spot_4,Spot 4,Empty,2026-09-17T19:31:40.829505+00:00,,,,,,,,
2026-09-18T11:53:17.246413+00:00,spot_5,Spot 5,Empty,2026-09-18T01:33:15.560778+00:00,,,,,,,,
2026-09-18T11:53:17.246413+00:00,spot_6,Spot 6,Empty,2026-09-17T23:08:14.612220+00:00,,,,,,,,
2026-09-18T11:53:17.246413+00:00,spot_7,Spot 7,Empty,2026-09-18T01:01:48.664840+00:00,,,,,,,,
2026-09-18T11:53:17.246413+00:00,spot_8,Spot 8,Empty,2026-09-17T23:59:14.247427+00:00,,,,,,,,
2026-09-18T11:53:17.246413+00:00,spot_9,Spot 9,Empty,2026-09-17T21:32:17.145530+00:00,,,,,,,,
2026-09-18T11:53:17.246413+00:00,spot_10,Spot 10,Empty,2026-09-17T21:34:19.347215+00:00,,,,,,,,
2026-09-18T11:53:17.246413+00:00,spot_11,Spot 11,Empty,2026-09-17T21:39:15.819043+00:00,,,,,,,,
2026-09-18T11:53:17.246413+00:00,spot_12,Spot 12,Empty,2026-09-18T00:30:22.762438+00:00,,,,,,,,
2026-09-18T11:53:17.246413+00:00,spot_13,Spot 13,Empty,2026-09-18T00:56:19.559398+00:00,,,,,,,,
2026-09-18T11:53:17.246413+00:00,spot_14,Spot 14,Empty,2026-09-18T00:39:15.838015+00:00,,,,,,,,
2026-09-18T11:53:17.246413+00:00,spot_15,Spot 15,Empty,2026-09-17T22:21:18.480312+00:00,,,,,,,,
2026-09-18T11:53:17.246413+00:00,spot_16,Spot 16,Empty,2026-09-17T18:54:59.211877+00:00,,,,,,,,
2026-09-18T11:53:17.246413+00:00,spot_17,Spot 17,Empty,2026-09-17T18:54:59.211881+00:00,,,,,,,,
2026-09-18T11:54:18.435778+00:00,spot_1,Spot 1,Empty,2026-09-17T23:15:16.570232+00:00,,,,,,,,
2026-09-18T11:54:18.435778+00:00,spot_2,Spot 2,Empty,2026-09-17T18:54:59.211819+00:00,,,,,,,,
2026-09-18T11:54:18.435778+00:00,spot_3,Spot 3,Empty,2026-09-18T00:58:17.721972+00:00,,,,,,,,
2026-09-18T11:54:18.435778+00:00,spot_4,Spot 4,Empty,2026-09-17T19:31:40.829505+00:00,,,,,,,,
2026-09-18T11:54:18.435778+00:00,spot_5,Spot 5,Empty,2026-09-18T01:33:15.560778+00:00,,,,,,,,
2026-09-18T11:54:18.435778+00:00,spot_6,Spot 6,Empty,2026-09-17T23:08:14.612220+00:00,,,,,,,,
2026-09-18T11:54:18.435778+00:00,spot_7,Spot 7,Empty,2026-09-18T01:01:48.664840+00:00,,,,,,,,
2026-09-18T11:54:18.435778+00:00,spot_8,Spot 8,Empty,2026-09-17T23:59:14.247427+00:00,,,,,,,,
2026-09-18T11:54:18.435778+00:00,spot_9,Spot 9,Empty,2026-09-17T21:32:17.145530+00:00,,,,,,,,
2026-09-18T11:54:18.435778+00:00,spot_10,Spot 10,Empty,2026-09-17T21:34:19.347215+00:00,,,,,,,,
2026-09-18T11:54:18.435778+00:00,spot_11,Spot 11,Empty,2026-09-17T21:39:15.819043+00:00,,,,,,,,
2026-09-18T11:54:18.435778+00:00,spot_12,Spot 12,Empty,2026-09-18T00:30:22.762438+00:00,,,,,,,,
2026-09-18T11:54:18.435778+00:00,spot_13,Spot 13,Empty,2026-09-18T00:56:19.559398+00:00,,,,,,,,
2026-09-18T11:54:18.435778+00:00,spot_14,Spot 14,Empty,2026-09-18T00:39:15.838015+00:00,,,,,,,,
2026-09-18T11:54:18.435778+00:00,spot_15,Spot 15,Empty,2026-09-17T22:21:18.480312+00:00,,,,,,,,
2026-09-18T11:54:18.435778+00:00,spot_16,Spot 16,Empty,2026-09-17T18:54:59.211877+00:00,,,,,,,,
2026-09-18T11:54:18.435778+00:00,spot_17,Spot 17,Empty,2026-09-17T18:54:59.211881+00:00,,,,,,,,
2026-09-18T11:55:17.697641+00:00,spot_1,Spot 1,Empty,2026-09-17T23:15:16.570232+00:00,,,,,,,,
2026-09-18T11:55:17.697641+00:00,spot_2,Spot 2,Empty,2026-09-17T18:54:59.211819+00:00,,,,,,,,
2026-09-18T11:55:17.697641+00:00,spot_3,Spot 3,Empty,2026-09-18T00:58:17.721972+00:00,,,,,,,,
2026-09-18T11:55:17.697641+00:00,spot_4,Spot 4,Empty,2026-09-17T19:31:40.829505+00:00,,,,,,,,
2026-09-18T11:55:17.697641+00:00,spot_5,Spot 5,Empty,2026-09-18T01:33:15.560778+00:00,,,,,,,,
2026-09-18T11:55:17.697641+00:00,spot_6,Spot 6,Empty,2026-09-17T23:08:14.612220+00:00,,,,,,,,
2026-09-18T11:55:17.697641+00:00,spot_7,Spot 7,Empty,2026-09-18T01:01:48.664840+00:00,,,,,,,,
2026-09-18T11:55:17.697641+00:00,spot_8,Spot 8,Empty,2026-09-17T23:59:14.247427+00:00,,,,,,,,
2026-09-18T11:55:17.697641+00:00,spot_9,Spot 9,Empty,2026-09-17T21:32:17.145530+00:00,,,,,,,,
2026-09-18T11:55:17.697641+00:00,spot_10,Spot 10,Empty,2026-09-17T21:34:19.347215+00:00,,,,,,,,
2026-09-18T11:55:17.697641+00:00,spot_11,Spot 11,Empty,2026-09-17T21:39:15.819043+00:00,,,,,,,,
2026-09-18T11:55:17.697641+00:00,spot_12,Spot 12,Empty,2026-09-18T00:30:22.762438+00:00,,,,,,,,
2026-09-18T11:55:17.697641+00:00,spot_13,Spot 13,Empty,2026-09-18T00:56:19.559398+00:00,,,,,,,,
2026-09-18T11:55:17.697641+00:00,spot_14,Spot 14,Empty,2026-09-18T00:39:15.838015+00:00,,,,,,,,
2026-09-18T11:55:17.697641+00:00,spot_15,Spot 15,Empty,2026-09-17T22:21:18.480312+00:00,,,,,,,,
2026-09-18T11:55:17.697641+00:00,spot_16,Spot 16,Empty,2026-09-17T18:54:59.211877+00:00,,,,,,,,
2026-09-18T11:55:17.697641+00:00,spot_17,Spot 17,Empty,2026-09-17T18:54:59.211881+00:00,,,,,,,,
2026-09-18T11:56:19.477495+00:00,spot_1,Spot 1,Empty,2026-09-17T23:15:16.570232+00:00,,,,,,,,
2026-09-18T11:56:19.477495+00:00,spot_2,Spot 2,Empty,2026-09-17T18:54:59.211819+00:00,,,,,,,,
2026-09-18T11:56:19.477495+00:00,spot_3,Spot 3,Empty,2026-09-18T00:58:17.721972+00:00,,,,,,,,
2026-09-18T11:56:19.477495+00:00,spot_4,Spot 4,Empty,2026-09-17T19:31:40.829505+00:00,,,,,,,,
2026-09-18T11:56:19.477495+00:00,spot_5,Spot 5,Empty,2026-09-18T01:33:15.560778+00:00,,,,,,,,
2026-09-18T11:56:19.477495+00:00,spot_6,Spot 6,Empty,2026-09-17T23:08:14.612220+00:00,,,,,,,,
2026-09-18T11:56:19.477495+00:00,spot_7,Spot 7,Empty,2026-09-18T01:01:48.664840+00:00,,,,,,,,
2026-09-18T11:56:19.477495+00:00,spot_8,Spot 8,Empty,2026-09-17T23:59:14.247427+00:00,,,,,,,,
2026-09-18T11:56:19.477495+00:00,spot_9,Spot 9,Empty,2026-09-17T21:32:17.145530+00:00,,,,,,,,
2026-09-18T11:56:19.477495+00:00,spot_10,Spot 10,Empty,2026-09-17T21:34:19.347215+00:00,,,,,,,,
2026-09-18T11:56:19.477495+00:00,spot_11,Spot 11,Empty,2026-09-17T21:39:15.819043+00:00,,,,,,,,
2026-09-18T11:56:19.477495+00:00,spot_12,Spot 12,Empty,2026-09-18T00:30:22.762438+00:00,,,,,,,,
2026-09-18T11:56:19.477495+00:00,spot_13,Spot 13,Empty,2026-09-18T00:56:19.559398+00:00,,,,,,,,
2026-09-18T11:56:19.477495+00:00,spot_14,Spot 14,Empty,2026-09-18T00:39:15.838015+00:00,,,,,,,,
2026-09-18T11:56:19.477495+00:00,spot_15,Spot 15,Empty,2026-09-17T22:21:18.480312+00:00,,,,,,,,
2026-09-18T11:56:19.477495+00:00,spot_16,Spot 16,Empty,2026-09-17T18:54:59.211877+00:00,,,,,,,,
2026-09-18T11:56:19.477495+00:00,spot_17,Spot 17,Empty,2026-09-17T18:54:59.211881+00:00,,,,,,,,
2026-09-18T11:57:17.157731+00:00,spot_1,Spot 1,Empty,2026-09-17T23:15:16.570232+00:00,,,,,,,,
2026-09-18T11:57:17.157731+00:00,spot_2,Spot 2,Empty,2026-09-17T18:54:59.211819+00:00,,,,,,,,
2026-09-18T11:57:17.157731+00:00,spot_3,Spot 3,Empty,2026-09-18T00:58:17.721972+00:00,,,,,,,,
2026-09-18T11:57:17.157731+00:00,spot_4,Spot 4,Empty,2026-09-17T19:31:40.829505+00:00,,,,,,,,
2026-09-18T11:57:17.157731+00:00,spot_5,Spot 5,Empty,2026-09-18T01:33:15.560778+00:00,,,,,,,,
2026-09-18T11:57:17.157731+00:00,spot_6,Spot 6,Empty,2026-09-17T23:08:14.612220+00:00,,,,,,,,
2026-09-18T11:57:17.157731+00:00,spot_7,Spot 7,Empty,2026-09-18T01:01:48.664840+00:00,,,,,,,,
2026-09-18T11:57:17.157731+00:00,spot_8,Spot 8,Empty,2026-09-17T23:59:14.247427+00:00,,,,,,,,
2026-09-18T11:57:17.157731+00:00,spot_9,Spot 9,Empty,2026-09-17T21:32:17.145530+00:00,,,,,,,,
2026-09-18T11:57:17.157731+00:00,spot_10,Spot 10,Empty,2026-09-17T21:34:19.347215+00:00,,,,,,,,
2026-09-18T11:57:17.157731+00:00,spot_11,Spot 11,Empty,2026-09-17T21:39:15.819043+00:00,,,,,,,,
2026-09-18T11:57:17.157731+00:00,spot_12,Spot 12,Empty,2026-09-18T00:30:22.762438+00:00,,,,,,,,
2026-09-18T11:57:17.157731+00:00,spot_13,Spot 13,Empty,2026-09-18T00:56:19.559398+00:00,,,,,,,,
2026-09-18T11:57:17.157731+00:00,spot_14,Spot 14,Empty,2026-09-18T00:39:15.838015+00:00,,,,,,,,
2026-09-18T11:57:17.157731+00:00,spot_15,Spot 15,Empty,2026-09-17T22:21:18.480312+00:00,,,,,,,,
2026-09-18T11:57:17.157731+00:00,spot_16,Spot 16,Empty,2026-09-17T18:54:59.211877+00:00,,,,,,,,
2026-09-18T11:57:17.157731+00:00,spot_17,Spot 17,Empty,2026-09-17T18:54:59.211881+00:00,,,,,,,,
2026-09-18T11:58:20.063797+00:00,spot_1,Spot 1,Empty,2026-09-17T23:15:16.570232+00:00,,,,,,,,
2026-09-18T11:58:20.063797+00:00,spot_2,Spot 2,Empty,2026-09-17T18:54:59.211819+00:00,,,,,,,,
2026-09-18T11:58:20.063797+00:00,spot_3,Spot 3,Empty,2026-09-18T00:58:17.721972+00:00,,,,,,,,
2026-09-18T11:58:20.063797+00:00,spot_4,Spot 4,Empty,2026-09-17T19:31:40.829505+00:00,,,,,,,,
2026-09-18T11:58:20.063797+00:00,spot_5,Spot 5,Empty,2026-09-18T01:33:15.560778+00:00,,,,,,,,
2026-09-18T11:58:20.063797+00:00,spot_6,Spot 6,Empty,2026-09-17T23:08:14.612220+00:00,,,,,,,,
2026-09-18T11:58:20.063797+00:00,spot_7,Spot 7,Empty,2026-09-18T01:01:48.664840+00:00,,,,,,,,
2026-09-18T11:58:20.063797+00:00,spot_8,Spot 8,Empty,2026-09-17T23:59:14.247427+00:00,,,,,,,,
2026-09-18T11:58:20.063797+00:00,spot_9,Spot 9,Empty,2026-09-17T21:32:17.145530+00:00,,,,,,,,
2026-09-18T11:58:20.063797+00:00,spot_10,Spot 10,Empty,2026-09-17T21:34:19.347215+00:00,,,,,,,,
2026-09-18T11:58:20.063797+00:00,spot_11,Spot 11,Empty,2026-09-17T21:39:15.819043+00:00,,,,,,,,
2026-09-18T11:58:20.063797+00:00,spot_12,Spot 12,Empty,2026-09-18T00:30:22.762438+00:00,,,,,,,,
2026-09-18T11:58:20.063797+00:00,spot_13,Spot 13,Empty,2026-09-18T00:56:19.559398+00:00,,,,,,,,
2026-09-18T11:58:20.063797+00:00,spot_14,Spot 14,Empty,2026-09-18T00:39:15.838015+00:00,,,,,,,,
2026-09-18T11:58:20.063797+00:00,spot_15,Spot 15,Empty,2026-09-17T22:21:18.480312+00:00,,,,,,,,
2026-09-18T11:58:20.063797+00:00,spot_16,Spot 16,Empty,2026-09-17T18:54:59.211877+00:00,,,,,,,,
2026-09-18T11:58:20.063797+00:00,spot_17,Spot 17,Empty,2026-09-17T18:54:59.211881+00:00,,,,,,,,
2026-09-18T11:59:18.114121+00:00,spot_1,Spot 1,Empty,2026-09-17T23:15:16.570232+00:00,,,,,,,,
2026-09-18T11:59:18.114121+00:00,spot_2,Spot 2,Empty,2026-09-17T18:54:59.211819+00:00,,,,,,,,
2026-09-18T11:59:18.114121+00:00,spot_3,Spot 3,Empty,2026-09-18T00:58:17.721972+00:00,,,,,,,,
2026-09-18T11:59:18.114121+00:00,spot_4,Spot 4,Empty,2026-09-17T19:31:40.829505+00:00,,,,,,,,
2026-09-18T11:59:18.114121+00:00,spot_5,Spot 5,Empty,2026-09-18T01:33:15.560778+00:00,,,,,,,,
2026-09-18T11:59:18.114121+00:00,spot_6,Spot 6,Empty,2026-09-17T23:08:14.612220+00:00,,,,,,,,
2026-09-18T11:59:18.114121+00:00,spot_7,Spot 7,Empty,2026-09-18T01:01:48.664840+00:00,,,,,,,,
2026-09-18T11:59:18.114121+00:00,spot_8,Spot 8,Empty,2026-09-17T23:59:14.247427+00:00,,,,,,,,
2026-09-18T11:59:18.114121+00:00,spot_9,Spot 9,Empty,2026-09-17T21:32:17.145530+00:00,,,,,,,,
2026-09-18T11:59:18.114121+00:00,spot_10,Spot 10,Empty,2026-09-17T21:34:19.347215+00:00,,,,,,,,
2026-09-18T11:59:18.114121+00:00,spot_11,Spot 11,Empty,2026-09-17T21:39:15.819043+00:00,,,,,,,,
2026-09-18T11:59:18.114121+00:00,spot_12,Spot 12,Empty,2026-09-18T00:30:22.762438+00:00,,,,,,,,
2026-09-18T11:59:18.114121+00:00,spot_13,Spot 13,Empty,2026-09-18T00:56:19.559398+00:00,,,,,,,,
2026-09-18T11:59:18.114121+00:00,spot_14,Spot 14,Empty,2026-09-18T00:39:15.838015+00:00,,,,,,,,
2026-09-18T11:59:18.114121+00:00,spot_15,Spot 15,Empty,2026-09-17T22:21:18.480312+00:00,,,,,,,,
2026-09-18T11:59:18.114121+00:00,spot_16,Spot 16,Empty,2026-09-17T18:54:59.211877+00:00,,,,,,,,
2026-09-18T11:59:18.114121+00:00,spot_17,Spot 17,Empty,2026-09-17T18:54:59.211881+00:00,,,,,,,,
2026-09-18T12:00:24.757213+00:00,spot_1,Spot 1,Empty,2026-09-17T23:15:16.570232+00:00,,,,,,,,
2026-09-18T12:00:24.757213+00:00,spot_2,Spot 2,Empty,2026-09-17T18:54:59.211819+00:00,,,,,,,,
2026-09-18T12:00:24.757213+00:00,spot_3,Spot 3,Empty,2026-09-18T00:58:17.721972+00:00,,,,,,,,
2026-09-18T12:00:24.757213+00:00,spot_4,Spot 4,Empty,2026-09-17T19:31:40.829505+00:00,,,,,,,,
2026-09-18T12:00:24.757213+00:00,spot_5,Spot 5,Empty,2026-09-18T01:33:15.560778+00:00,,,,,,,,
2026-09-18T12:00:24.757213+00:00,spot_6,Spot 6,Empty,2026-09-17T23:08:14.612220+00:00,,,,,,,,
2026-09-18T12:00:24.757213+00:00,spot_7,Spot 7,Empty,2026-09-18T01:01:48.664840+00:00,,,,,,,,
2026-09-18T12:00:24.757213+00:00,spot_8,Spot 8,Empty,2026-09-17T23:59:14.247427+00:00,,,,,,,,
2026-09-18T12:00:24.757213+00:00,spot_9,Spot 9,Empty,2026-09-17T21:32:17.145530+00:00,,,,,,,,
2026-09-18T12:00:24.757213+00:00,spot_10,Spot 10,Empty,2026-09-17T21:34:19.347215+00:00,,,,,,,,
2026-09-18T12:00:24.757213+00:00,spot_11,Spot 11,Empty,2026-09-17T21:39:15.819043+00:00,,,,,,,,
2026-09-18T12:00:24.757213+00:00,spot_12,Spot 12,Empty,2026-09-18T00:30:22.762438+00:00,,,,,,,,
2026-09-18T12:00:24.757213+00:00,spot_13,Spot 13,Empty,2026-09-18T00:56:19.559398+00:00,,,,,,,,
2026-09-18T12:00:24.757213+00:00,spot_14,Spot 14,Empty,2026-09-18T00:39:15.838015+00:00,,,,,,,,
2026-09-18T12:00:24.757213+00:00,spot_15,Spot 15,Empty,2026-09-17T22:21:18.480312+00:00,,,,,,,,
2026-09-18T12:00:24.757213+00:00,spot_16,Spot 16,Empty,2026-09-17T18:54:59.211877+00:00,,,,,,,,
2026-09-18T12:00:24.757213+00:00,spot_17,Spot 17,Empty,2026-09-17T18:54:59.211881+00:00,,,,,,,,
2026-09-18T12:01:21.519592+00:00,spot_1,Spot 1,Empty,2026-09-17T23:15:16.570232+00:00,,,,,,,,
2026-09-18T12:01:21.519592+00:00,spot_2,Spot 2,Empty,2026-09-17T18:54:59.211819+00:00,,,,,,,,
2026-09-18T12:01:21.519592+00:00,spot_3,Spot 3,Empty,2026-09-18T00:58:17.721972+00:00,,,,,,,,
2026-09-18T12:01:21.519592+00:00,spot_4,Spot 4,Empty,2026-09-17T19:31:40.829505+00:00,,,,,,,,
2026-09-18T12:01:21.519592+00:00,spot_5,Spot 5,Empty,2026-09-18T01:33:15.560778+00:00,,,,,,,,
2026-09-18T12:01:21.519592+00:00,spot_6,Spot 6,Empty,2026-09-17T23:08:14.612220+00:00,,,,,,,,
2026-09-18T12:01:21.519592+00:00,spot_7,Spot 7,Empty,2026-09-18T01:01:48.664840+00:00,,,,,,,,
2026-09-18T12:01:21.519592+00:00,spot_8,Spot 8,Empty,2026-09-17T23:59:14.247427+00:00,,,,,,,,
2026-09-18T12:01:21.519592+00:00,spot_9,Spot 9,Empty,2026-09-17T21:32:17.145530+00:00,,,,,,,,
2026-09-18T12:01:21.519592+00:00,spot_10,Spot 10,Empty,2026-09-17T21:34:19.347215+00:00,,,,,,,,
2026-09-18T12:01:21.519592+00:00,spot_11,Spot 11,Empty,2026-09-17T21:39:15.819043+00:00,,,,,,,,
2026-09-18T12:01:21.519592+00:00,spot_12,Spot 12,Empty,2026-09-18T00:30:22.762438+00:00,,,,,,,,
2026-09-18T12:01:21.519592+00:00,spot_13,Spot 13,Empty,2026-09-18T00:56:19.559398+00:00,,,,,,,,
2026-09-18T12:01:21.519592+00:00,spot_14,Spot 14,Empty,2026-09-18T00:39:15.838015+00:00,,,,,,,,
2026-09-18T12:01:21.519592+00:00,spot_15,Spot 15,Empty,2026-09-17T22:21:18.480312+00:00,,,,,,,,
2026-09-18T12:01:21.519592+00:00,spot_16,Spot 16,Empty,2026-09-17T18:54:59.211877+00:00,,,,,,,,
2026-09-18T12:01:21.519592+00:00,spot_17,Spot 17,Empty,2026-09-17T18:54:59.211881+00:00,,,,,,,,
2026-09-18T12:02:18.167727+00:00,spot_1,Spot 1,Empty,2026-09-17T23:15:16.570232+00:00,,,,,,,,
2026-09-18T12:02:18.167727+00:00,spot_2,Spot 2,Empty,2026-09-17T18:54:59.211819+00:00,,,,,,,,
2026-09-18T12:02:18.167727+00:00,spot_3,Spot 3,Empty,2026-09-18T00:58:17.721972+00:00,,,,,,,,
2026-09-18T12:02:18.167727+00:00,spot_4,Spot 4,Empty,2026-09-17T19:31:40.829505+00:00,,,,,,,,
2026-09-18T12:02:18.167727+00:00,spot_5,Spot 5,Empty,2026-09-18T01:33:15.560778+00:00,,,,,,,,
2026-09-18T12:02:18.167727+00:00,spot_6,Spot 6,Empty,2026-09-17T23:08:14.612220+00:00,,,,,,,,
2026-09-18T12:02:18.167727+00:00,spot_7,Spot 7,Empty,2026-09-18T01:01:48.664840+00:00,,,,,,,,
2026-09-18T12:02:18.167727+00:00,spot_8,Spot 8,Empty,2026-09-17T23:59:14.247427+00:00,,,,,,,,
2026-09-18T12:02:18.167727+00:00,spot_9,Spot 9,Empty,2026-09-17T21:32:17.145530+00:00,,,,,,,,
2026-09-18T12:02:18.167727+00:00,spot_10,Spot 10,Empty,2026-09-17T21:34:19.347215+00:00,,,,,,,,
2026-09-18T12:02:18.167727+00:00,spot_11,Spot 11,Empty,2026-09-17T21:39:15.819043+00:00,,,,,,,,
2026-09-18T12:02:18.167727+00:00,spot_12,Spot 12,Empty,2026-09-18T00:30:22.762438+00:00,,,,,,,,
2026-09-18T12:02:18.167727+00:00,spot_13,Spot 13,Empty,2026-09-18T00:56:19.559398+00:00,,,,,,,,
2026-09-18T12:02:18.167727+00:00,spot_14,Spot 14,Empty,2026-09-18T00:39:15.838015+00:00,,,,,,,,
2026-09-18T12:02:18.167727+00:00,spot_15,Spot 15,Empty,2026-09-17T22:21:18.480312+00:00,,,,,,,,
2026-09-18T12:02:18.167727+00:00,spot_16,Spot 16,Empty,2026-09-17T18:54:59.211877+00:00,,,,,,,,
2026-09-18T12:02:18.167727+00:00,spot_17,Spot 17,Empty,2026-09-17T18:54:59.211881+00:00,,,,,,,,
2026-09-18T12:03:19.204316+00:00,spot_1,Spot 1,Empty,2026-09-17T23:15:16.570232+00:00,,,,,,,,
2026-09-18T12:03:19.204316+00:00,spot_2,Spot 2,Empty,2026-09-17T18:54:59.211819+00:00,,,,,,,,
2026-09-18T12:03:19.204316+00:00,spot_3,Spot 3,Empty,2026-09-18T00:58:17.721972+00:00,,,,,,,,
2026-09-18T12:03:19.204316+00:00,spot_4,Spot 4,Empty,2026-09-17T19:31:40.829505+00:00,,,,,,,,
2026-09-18T12:03:19.204316+00:00,spot_5,Spot 5,Empty,2026-09-18T01:33:15.560778+00:00,,,,,,,,
2026-09-18T12:03:19.204316+00:00,spot_6,Spot 6,Empty,2026-09-17T23:08:14.612220+00:00,,,,,,,,
2026-09-18T12:03:19.204316+00:00,spot_7,Spot 7,Empty,2026-09-18T01:01:48.664840+00:00,,,,,,,,
2026-09-18T12:03:19.204316+00:00,spot_8,Spot 8,Empty,2026-09-17T23:59:14.247427+00:00,,,,,,,,
2026-09-18T12:03:19.204316+00:00,spot_9,Spot 9,Empty,2026-09-17T21:32:17.145530+00:00,,,,,,,,
2026-09-18T12:03:19.204316+00:00,spot_10,Spot 10,Empty,2026-09-17T21:34:19.347215+00:00,,,,,,,,
2026-09-18T12:03:19.204316+00:00,spot_11,Spot 11,Empty,2026-09-17T21:39:15.819043+00:00,,,,,,,,
2026-09-18T12:03:19.204316+00:00,spot_12,Spot 12,Empty,2026-09-18T00:30:22.762438+00:00,,,,,,,,
2026-09-18T12:03:19.204316+00:00,spot_13,Spot 13,Empty,2026-09-18T00:56:19.559398+00:00,,,,,,,,
2026-09-18T12:03:19.204316+00:00,spot_14,Spot 14,Empty,2026-09-18T00:39:15.838015+00:00,,,,,,,,
2026-09-18T12:03:19.204316+00:00,spot_15,Spot 15,Empty,2026-09-17T22:21:18.480312+00:00,,,,,,,,
2026-09-18T12:03:19.204316+00:00,spot_16,Spot 16,Empty,2026-09-17T18:54:59.211877+00:00,,,,,,,,
2026-09-18T12:03:19.204316+00:00,spot_17,Spot 17,Empty,2026-09-17T18:54:59.211881+00:00,,,,,,,,
2026-09-18T12:04:21.124413+00:00,spot_1,Spot 1,Empty,2026-09-17T23:15:16.570232+00:00,,,,,,,,
2026-09-18T12:04:21.124413+00:00,spot_2,Spot 2,Empty,2026-09-17T18:54:59.211819+00:00,,,,,,,,
2026-09-18T12:04:21.124413+00:00,spot_3,Spot 3,Empty,2026-09-18T00:58:17.721972+00:00,,,,,,,,
2026-09-18T12:04:21.124413+00:00,spot_4,Spot 4,Empty,2026-09-17T19:31:40.829505+00:00,,,,,,,,
2026-09-18T12:04:21.124413+00:00,spot_5,Spot 5,Empty,2026-09-18T01:33:15.560778+00:00,,,,,,,,
2026-09-18T12:04:21.124413+00:00,spot_6,Spot 6,Empty,2026-09-17T23:08:14.612220+00:00,,,,,,,,
2026-09-18T12:04:21.124413+00:00,spot_7,Spot 7,Empty,2026-09-18T01:01:48.664840+00:00,,,,,,,,
2026-09-18T12:04:21.124413+00:00,spot_8,Spot 8,Empty,2026-09-17T23:59:14.247427+00:00,,,,,,,,
2026-09-18T12:04:21.124413+00:00,spot_9,Spot 9,Empty,2026-09-17T21:32:17.145530+00:00,,,,,,,,
2026-09-18T12:04:21.124413+00:00,spot_10,Spot 10,Empty,2026-09-17T21:34:19.347215+00:00,,,,,,,,
2026-09-18T12:04:21.124413+00:00,spot_11,Spot 11,Empty,2026-09-17T21:39:15.819043+00:00,,,,,,,,
2026-09-18T12:04:21.124413+00:00,spot_12,Spot 12,Empty,2026-09-18T00:30:22.762438+00:00,,,,,,,,
2026-09-18T12:04:21.124413+00:00,spot_13,Spot 13,Empty,2026-09-18T00:56:19.559398+00:00,,,,,,,,
2026-09-18T12:04:21.124413+00:00,spot_14,Spot 14,Empty,2026-09-18T00:39:15.838015+00:00,,,,,,,,
2026-09-18T12:04:21.124413+00:00,spot_15,Spot 15,Empty,2026-09-17T22:21:18.480312+00:00,,,,,,,,
2026-09-18T12:04:21.124413+00:00,spot_16,Spot 16,Empty,2026-09-17T18:54:59.211877+00:00,,,,,,,,
2026-09-18T12:04:21.124413+00:00,spot_17,Spot 17,Empty,2026-09-17T18:54:59.211881+00:00,,,,,,,,
2026-09-18T12:05:18.909630+00:00,spot_1,Spot 1,Empty,2026-09-17T23:15:16.570232+00:00,,,,,,,,
2026-09-18T12:05:18.909630+00:00,spot_2,Spot 2,Empty,2026-09-17T18:54:59.211819+00:00,,,,,,,,
2026-09-18T12:05:18.909630+00:00,spot_3,Spot 3,Empty,2026-09-18T00:58:17.721972+00:00,,,,,,,,
2026-09-18T12:05:18.909630+00:00,spot_4,Spot 4,Empty,2026-09-17T19:31:40.829505+00:00,,,,,,,,
2026-09-18T12:05:18.909630+00:00,spot_5,Spot 5,Empty,2026-09-18T01:33:15.560778+00:00,,,,,,,,
2026-09-18T12:05:18.909630+00:00,spot_6,Spot 6,Empty,2026-09-17T23:08:14.612220+00:00,,,,,,,,
2026-09-18T12:05:18.909630+00:00,spot_7,Spot 7,Empty,2026-09-18T01:01:48.664840+00:00,,,,,,,,
2026-09-18T12:05:18.909630+00:00,spot_8,Spot 8,Empty,2026-09-17T23:59:14.247427+00:00,,,,,,,,
2026-09-18T12:05:18.909630+00:00,spot_9,Spot 9,Empty,2026-09-17T21:32:17.145530+00:00,,,,,,,,
2026-09-18T12:05:18.909630+00:00,spot_10,Spot 10,Empty,2026-09-17T21:34:19.347215+00:00,,,,,,,,
2026-09-18T12:05:18.909630+00:00,spot_11,Spot 11,Empty,2026-09-17T21:39:15.819043+00:00,,,,,,,,
2026-09-18T12:05:18.909630+00:00,spot_12,Spot 12,Empty,2026-09-18T00:30:22.762438+00:00,,,,,,,,
2026-09-18T12:05:18.909630+00:00,spot_13,Spot 13,Empty,2026-09-18T00:56:19.559398+00:00,,,,,,,,
2026-09-18T12:05:18.909630+00:00,spot_14,Spot 14,Empty,2026-09-18T00:39:15.838015+00:00,,,,,,,,
2026-09-18T12:05:18.909630+00:00,spot_15,Spot 15,Empty,2026-09-17T22:21:18.480312+00:00,,,,,,,,
2026-09-18T12:05:18.909630+00:00,spot_16,Spot 16,Empty,2026-09-17T18:54:59.211877+00:00,,,,,,,,
2026-09-18T12:05:18.909630+00:00,spot_17,Spot 17,Empty,2026-09-17T18:54:59.211881+00:00,,,,,,,,
2026-09-18T12:06:21.227236+00:00,spot_1,Spot 1,Empty,2026-09-17T23:15:16.570232+00:00,,,,,,,,
2026-09-18T12:06:21.227236+00:00,spot_2,Spot 2,Empty,2026-09-17T18:54:59.211819+00:00,,,,,,,,
2026-09-18T12:06:21.227236+00:00,spot_3,Spot 3,Empty,2026-09-18T00:58:17.721972+00:00,,,,,,,,
2026-09-18T12:06:21.227236+00:00,spot_4,Spot 4,Empty,2026-09-17T19:31:40.829505+00:00,,,,,,,,
2026-09-18T12:06:21.227236+00:00,spot_5,Spot 5,Empty,2026-09-18T01:33:15.560778+00:00,,,,,,,,
2026-09-18T12:06:21.227236+00:00,spot_6,Spot 6,Empty,2026-09-17T23:08:14.612220+00:00,,,,,,,,
2026-09-18T12:06:21.227236+00:00,spot_7,Spot 7,Empty,2026-09-18T01:01:48.664840+00:00,,,,,,,,
2026-09-18T12:06:21.227236+00:00,spot_8,Spot 8,Empty,2026-09-17T23:59:14.247427+00:00,,,,,,,,
2026-09-18T12:06:21.227236+00:00,spot_9,Spot 9,Empty,2026-09-17T21:32:17.145530+00:00,,,,,,,,
2026-09-18T12:06:21.227236+00:00,spot_10,Spot 10,Empty,2026-09-17T21:34:19.347215+00:00,,,,,,,,
2026-09-18T12:06:21.227236+00:00,spot_11,Spot 11,Empty,2026-09-17T21:39:15.819043+00:00,,,,,,,,
2026-09-18T12:06:21.227236+00:00,spot_12,Spot 12,Empty,2026-09-18T00:30:22.762438+00:00,,,,,,,,
2026-09-18T12:06:21.227236+00:00,spot_13,Spot 13,Empty,2026-09-18T00:56:19.559398+00:00,,,,,,,,
2026-09-18T12:06:21.227236+00:00,spot_14,Spot 14,Empty,2026-09-18T00:39:15.838015+00:00,,,,,,,,
2026-09-18T12:06:21.227236+00:00,spot_15,Spot 15,Empty,2026-09-17T22:21:18.480312+00:00,,,,,,,,
2026-09-18T12:06:21.227236+00:00,spot_16,Spot 16,Empty,2026-09-17T18:54:59.211877+00:00,,,,,,,,
2026-09-18T12:06:21.227236+00:00,spot_17,Spot 17,Empty,2026-09-17T18:54:59.211881+00:00,,,,,,,,
2026-09-18T12:07:17.382920+00:00,spot_1,Spot 1,Empty,2026-09-17T23:15:16.570232+00:00,,,,,,,,
2026-09-18T12:07:17.382920+00:00,spot_2,Spot 2,Empty,2026-09-17T18:54:59.211819+00:00,,,,,,,,
2026-09-18T12:07:17.382920+00:00,spot_3,Spot 3,Empty,2026-09-18T00:58:17.721972+00:00,,,,,,,,
2026-09-18T12:07:17.382920+00:00,spot_4,Spot 4,Empty,2026-09-17T19:31:40.829505+00:00,,,,,,,,
2026-09-18T12:07:17.382920+00:00,spot_5,Spot 5,Empty,2026-09-18T01:33:15.560778+00:00,,,,,,,,
2026-09-18T12:07:17.382920+00:00,spot_6,Spot 6,Empty,2026-09-17T23:08:14.612220+00:00,,,,,,,,
2026-09-18T12:07:17.382920+00:00,spot_7,Spot 7,Empty,2026-09-18T01:01:48.664840+00:00,,,,,,,,
2026-09-18T12:07:17.382920+00:00,spot_8,Spot 8,Empty,2026-09-17T23:59:14.247427+00:00,,,,,,,,
2026-09-18T12:07:17.382920+00:00,spot_9,Spot 9,Empty,2026-09-17T21:32:17.145530+00:00,,,,,,,,
2026-09-18T12:07:17.382920+00:00,spot_10,Spot 10,Empty,2026-09-17T21:34:19.347215+00:00,,,,,,,,
2026-09-18T12:07:17.382920+00:00,spot_11,Spot 11,Empty,2026-09-17T21:39:15.819043+00:00,,,,,,,,
2026-09-18T12:07:17.382920+00:00,spot_12,Spot 12,Empty,2026-09-18T00:30:22.762438+00:00,,,,,,,,
2026-09-18T12:07:17.382920+00:00,spot_13,Spot 13,Empty,2026-09-18T00:56:19.559398+00:00,,,,,,,,
2026-09-18T12:07:17.382920+00:00,spot_14,Spot 14,Empty,2026-09-18T00:39:15.838015+00:00,,,,,,,,
2026-09-18T12:07:17.382920+00:00,spot_15,Spot 15,Empty,2026-09-17T22:21:18.480312+00:00,,,,,,,,
2026-09-18T12:07:17.382920+00:00,spot_16,Spot 16,Empty,2026-09-17T18:54:59.211877+00:00,,,,,,,,
2026-09-18T12:07:17.382920+00:00,spot_17,Spot 17,Empty,2026-09-17T18:54:59.211881+00:00,,,,,,,,
2026-09-18T12:08:16.077564+00:00,spot_1,Spot 1,Empty,2026-09-17T23:15:16.570232+00:00,,,,,,,,
2026-09-18T12:08:16.077564+00:00,spot_2,Spot 2,Empty,2026-09-17T18:54:59.211819+00:00,,,,,,,,
2026-09-18T12:08:16.077564+00:00,spot_3,Spot 3,Empty,2026-09-18T00:58:17.721972+00:00,,,,,,,,
2026-09-18T12:08:16.077564+00:00,spot_4,Spot 4,Empty,2026-09-17T19:31:40.829505+00:00,,,,,,,,
2026-09-18T12:08:16.077564+00:00,spot_5,Spot 5,Empty,2026-09-18T01:33:15.560778+00:00,,,,,,,,
2026-09-18T12:08:16.077564+00:00,spot_6,Spot 6,Empty,2026-09-17T23:08:14.612220+00:00,,,,,,,,
2026-09-18T12:08:16.077564+00:00,spot_7,Spot 7,Empty,2026-09-18T01:01:48.664840+00:00,,,,,,,,
2026-09-18T12:08:16.077564+00:00,spot_8,Spot 8,Empty,2026-09-17T23:59:14.247427+00:00,,,,,,,,
2026-09-18T12:08:16.077564+00:00,spot_9,Spot 9,Empty,2026-09-17T21:32:17.145530+00:00,,,,,,,,
2026-09-18T12:08:16.077564+00:00,spot_10,Spot 10,Empty,2026-09-17T21:34:19.347215+00:00,,,,,,,,
2026-09-18T12:08:16.077564+00:00,spot_11,Spot 11,Empty,2026-09-17T21:39:15.819043+00:00,,,,,,,,
2026-09-18T12:08:16.077564+00:00,spot_12,Spot 12,Empty,2026-09-18T00:30:22.762438+00:00,,,,,,,,
2026-09-18T12:08:16.077564+00:00,spot_13,Spot 13,Empty,2026-09-18T00:56:19.559398+00:00,,,,,,,,
2026-09-18T12:08:16.077564+00:00,spot_14,Spot 14,Empty,2026-09-18T00:39:15.838015+00:00,,,,,,,,
2026-09-18T12:08:16.077564+00:00,spot_15,Spot 15,Empty,2026-09-17T22:21:18.480312+00:00,,,,,,,,
2026-09-18T12:08:16.077564+00:00,spot_16,Spot 16,Empty,2026-09-17T18:54:59.211877+00:00,,,,,,,,
2026-09-18T12:08:16.077564+00:00,spot_17,Spot 17,Empty,2026-09-17T18:54:59.211881+00:00,,,,,,,,
2026-09-18T12:09:16.726815+00:00,spot_1,Spot 1,Empty,2026-09-17T23:15:16.570232+00:00,,,,,,,,
2026-09-18T12:09:16.726815+00:00,spot_2,Spot 2,Empty,2026-09-17T18:54:59.211819+00:00,,,,,,,,
2026-09-18T12:09:16.726815+00:00,spot_3,Spot 3,Empty,2026-09-18T00:58:17.721972+00:00,,,,,,,,
2026-09-18T12:09:16.726815+00:00,spot_4,Spot 4,Empty,2026-09-17T19:31:40.829505+00:00,,,,,,,,
2026-09-18T12:09:16.726815+00:00,spot_5,Spot 5,Empty,2026-09-18T01:33:15.560778+00:00,,,,,,,,
2026-09-18T12:09:16.726815+00:00,spot_6,Spot 6,Empty,2026-09-17T23:08:14.612220+00:00,,,,,,,,
2026-09-18T12:09:16.726815+00:00,spot_7,Spot 7,Empty,2026-09-18T01:01:48.664840+00:00,,,,,,,,
2026-09-18T12:09:16.726815+00:00,spot_8,Spot 8,Empty,2026-09-17T23:59:14.247427+00:00,,,,,,,,
2026-09-18T12:09:16.726815+00:00,spot_9,Spot 9,Empty,2026-09-17T21:32:17.145530+00:00,,,,,,,,
2026-09-18T12:09:16.726815+00:00,spot_10,Spot 10,Empty,2026-09-17T21:34:19.347215+00:00,,,,,,,,
2026-09-18T12:09:16.726815+00:00,spot_11,Spot 11,Empty,2026-09-17T21:39:15.819043+00:00,,,,,,,,
2026-09-18T12:09:16.726815+00:00,spot_12,Spot 12,Empty,2026-09-18T00:30:22.762438+00:00,,,,,,,,
2026-09-18T12:09:16.726815+00:00,spot_13,Spot 13,Empty,2026-09-18T00:56:19.559398+00:00,,,,,,,,
2026-09-18T12:09:16.726815+00:00,spot_14,Spot 14,Empty,2026-09-18T00:39:15.838015+00:00,,,,,,,,
2026-09-18T12:09:16.726815+00:00,spot_15,Spot 15,Empty,2026-09-17T22:21:18.480312+00:00,,,,,,,,
2026-09-18T12:09:16.726815+00:00,spot_16,Spot 16,Empty,2026-09-17T18:54:59.211877+00:00,,,,,,,,
2026-09-18T12:09:16.726815+00:00,spot_17,Spot 17,Empty,2026-09-17T18:54:59.211881+00:00,,,,,,,,
2026-09-18T12:10:23.463283+00:00,spot_1,Spot 1,Empty,2026-09-17T23:15:16.570232+00:00,,,,,,,,
2026-09-18T12:10:23.463283+00:00,spot_2,Spot 2,Empty,2026-09-17T18:54:59.211819+00:00,,,,,,,,
2026-09-18T12:10:23.463283+00:00,spot_3,Spot 3,Empty,2026-09-18T00:58:17.721972+00:00,,,,,,,,
2026-09-18T12:10:23.463283+00:00,spot_4,Spot 4,Empty,2026-09-17T19:31:40.829505+00:00,,,,,,,,
2026-09-18T12:10:23.463283+00:00,spot_5,Spot 5,Empty,2026-09-18T01:33:15.560778+00:00,,,,,,,,
2026-09-18T12:10:23.463283+00:00,spot_6,Spot 6,Empty,2026-09-17T23:08:14.612220+00:00,,,,,,,,
2026-09-18T12:10:23.463283+00:00,spot_7,Spot 7,Empty,2026-09-18T01:01:48.664840+00:00,,,,,,,,
2026-09-18T12:10:23.463283+00:00,spot_8,Spot 8,Empty,2026-09-17T23:59:14.247427+00:00,,,,,,,,
2026-09-18T12:10:23.463283+00:00,spot_9,Spot 9,Empty,2026-09-17T21:32:17.145530+00:00,,,,,,,,
2026-09-18T12:10:23.463283+00:00,spot_10,Spot 10,Empty,2026-09-17T21:34:19.347215+00:00,,,,,,,,
2026-09-18T12:10:23.463283+00:00,spot_11,Spot 11,Empty,2026-09-17T21:39:15.819043+00:00,,,,,,,,
2026-09-18T12:10:23.463283+00:00,spot_12,Spot 12,Empty,2026-09-18T00:30:22.762438+00:00,,,,,,,,
2026-09-18T12:10:23.463283+00:00,spot_13,Spot 13,Empty,2026-09-18T00:56:19.559398+00:00,,,,,,,,
2026-09-18T12:10:23.463283+00:00,spot_14,Spot 14,Empty,2026-09-18T00:39:15.838015+00:00,,,,,,,,
2026-09-18T12:10:23.463283+00:00,spot_15,Spot 15,Empty,2026-09-17T22:21:18.480312+00:00,,,,,,,,
2026-09-18T12:10:23.463283+00:00,spot_16,Spot 16,Empty,2026-09-17T18:54:59.211877+00:00,,,,,,,,
2026-09-18T12:10:23.463283+00:00,spot_17,Spot 17,Empty,2026-09-17T18:54:59.211881+00:00,,,,,,,,
2026-09-18T12:11:18.296069+00:00,spot_1,Spot 1,Empty,2026-09-17T23:15:16.570232+00:00,,,,,,,,
2026-09-18T12:11:18.296069+00:00,spot_2,Spot 2,Empty,2026-09-17T18:54:59.211819+00:00,,,,,,,,
2026-09-18T12:11:18.296069+00:00,spot_3,Spot 3,Empty,2026-09-18T00:58:17.721972+00:00,,,,,,,,
2026-09-18T12:11:18.296069+00:00,spot_4,Spot 4,Empty,2026-09-17T19:31:40.829505+00:00,,,,,,,,
2026-09-18T12:11:18.296069+00:00,spot_5,Spot 5,Empty,2026-09-18T01:33:15.560778+00:00,,,,,,,,
2026-09-18T12:11:18.296069+00:00,spot_6,Spot 6,Empty,2026-09-17T23:08:14.612220+00:00,,,,,,,,
2026-09-18T12:11:18.296069+00:00,spot_7,Spot 7,Empty,2026-09-18T01:01:48.664840+00:00,,,,,,,,
2026-09-18T12:11:18.296069+00:00,spot_8,Spot 8,Empty,2026-09-17T23:59:14.247427+00:00,,,,,,,,
2026-09-18T12:11:18.296069+00:00,spot_9,Spot 9,Empty,2026-09-17T21:32:17.145530+00:00,,,,,,,,
2026-09-18T12:11:18.296069+00:00,spot_10,Spot 10,Empty,2026-09-17T21:34:19.347215+00:00,,,,,,,,
2026-09-18T12:11:18.296069+00:00,spot_11,Spot 11,Empty,2026-09-17T21:39:15.819043+00:00,,,,,,,,
2026-09-18T12:11:18.296069+00:00,spot_12,Spot 12,Empty,2026-09-18T00:30:22.762438+00:00,,,,,,,,
2026-09-18T12:11:18.296069+00:00,spot_13,Spot 13,Empty,2026-09-18T00:56:19.559398+00:00,,,,,,,,
2026-09-18T12:11:18.296069+00:00,spot_14,Spot 14,Empty,2026-09-18T00:39:15.838015+00:00,,,,,,,,
2026-09-18T12:11:18.296069+00:00,spot_15,Spot 15,Empty,2026-09-17T22:21:18.480312+00:00,,,,,,,,
2026-09-18T12:11:18.296069+00:00,spot_16,Spot 16,Empty,2026-09-17T18:54:59.211877+00:00,,,,,,,,
2026-09-18T12:11:18.296069+00:00,spot_17,Spot 17,Empty,2026-09-17T18:54:59.211881+00:00,,,,,,,,
2026-09-18T12:12:15.032357+00:00,spot_1,Spot 1,Empty,2026-09-17T23:15:16.570232+00:00,,,,,,,,
2026-09-18T12:12:15.032357+00:00,spot_2,Spot 2,Empty,2026-09-17T18:54:59.211819+00:00,,,,,,,,
2026-09-18T12:12:15.032357+00:00,spot_3,Spot 3,Empty,2026-09-18T00:58:17.721972+00:00,,,,,,,,
2026-09-18T12:12:15.032357+00:00,spot_4,Spot 4,Empty,2026-09-17T19:31:40.829505+00:00,,,,,,,,
2026-09-18T12:12:15.032357+00:00,spot_5,Spot 5,Empty,2026-09-18T01:33:15.560778+00:00,,,,,,,,
2026-09-18T12:12:15.032357+00:00,spot_6,Spot 6,Empty,2026-09-17T23:08:14.612220+00:00,,,,,,,,
2026-09-18T12:12:15.032357+00:00,spot_7,Spot 7,Empty,2026-09-18T01:01:48.664840+00:00,,,,,,,,
2026-09-18T12:12:15.032357+00:00,spot_8,Spot 8,Empty,2026-09-17T23:59:14.247427+00:00,,,,,,,,
2026-09-18T12:12:15.032357+00:00,spot_9,Spot 9,Empty,2026-09-17T21:32:17.145530+00:00,,,,,,,,
2026-09-18T12:12:15.032357+00:00,spot_10,Spot 10,Empty,2026-09-17T21:34:19.347215+00:00,,,,,,,,
2026-09-18T12:12:15.032357+00:00,spot_11,Spot 11,Empty,2026-09-17T21:39:15.819043+00:00,,,,,,,,
2026-09-18T12:12:15.032357+00:00,spot_12,Spot 12,Empty,2026-09-18T00:30:22.762438+00:00,,,,,,,,
2026-09-18T12:12:15.032357+00:00,spot_13,Spot 13,Empty,2026-09-18T00:56:19.559398+00:00,,,,,,,,
2026-09-18T12:12:15.032357+00:00,spot_14,Spot 14,Empty,2026-09-18T00:39:15.838015+00:00,,,,,,,,
2026-09-18T12:12:15.032357+00:00,spot_15,Spot 15,Empty,2026-09-17T22:21:18.480312+00:00,,,,,,,,
2026-09-18T12:12:15.032357+00:00,spot_16,Spot 16,Empty,2026-09-17T18:54:59.211877+00:00,,,,,,,,
2026-09-18T12:12:15.032357+00:00,spot_17,Spot 17,Empty,2026-09-17T18:54:59.211881+00:00,,,,,,,,
2026-09-18T12:13:19.423477+00:00,spot_1,Spot 1,Empty,2026-09-17T23:15:16.570232+00:00,,,,,,,,
2026-09-18T12:13:19.423477+00:00,spot_2,Spot 2,Empty,2026-09-17T18:54:59.211819+00:00,,,,,,,,
2026-09-18T12:13:19.423477+00:00,spot_3,Spot 3,Empty,2026-09-18T00:58:17.721972+00:00,,,,,,,,
2026-09-18T12:13:19.423477+00:00,spot_4,Spot 4,Empty,2026-09-17T19:31:40.829505+00:00,,,,,,,,
2026-09-18T12:13:19.423477+00:00,spot_5,Spot 5,Empty,2026-09-18T01:33:15.560778+00:00,,,,,,,,
2026-09-18T12:13:19.423477+00:00,spot_6,Spot 6,Empty,2026-09-17T23:08:14.612220+00:00,,,,,,,,
2026-09-18T12:13:19.423477+00:00,spot_7,Spot 7,Empty,2026-09-18T01:01:48.664840+00:00,,,,,,,,
2026-09-18T12:13:19.423477+00:00,spot_8,Spot 8,Empty,2026-09-17T23:59:14.247427+00:00,,,,,,,,
2026-09-18T12:13:19.423477+00:00,spot_9,Spot 9,Empty,2026-09-17T21:32:17.145530+00:00,,,,,,,,
2026-09-18T12:13:19.423477+00:00,spot_10,Spot 10,Empty,2026-09-17T21:34:19.347215+00:00,,,,,,,,
2026-09-18T12:13:19.423477+00:00,spot_11,Spot 11,Empty,2026-09-17T21:39:15.819043+00:00,,,,,,,,
2026-09-18T12:13:19.423477+00:00,spot_12,Spot 12,Empty,2026-09-18T00:30:22.762438+00:00,,,,,,,,
2026-09-18T12:13:19.423477+00:00,spot_13,Spot 13,Empty,2026-09-18T00:56:19.559398+00:00,,,,,,,,
2026-09-18T12:13:19.423477+00:00,spot_14,Spot 14,Empty,2026-09-18T00:39:15.838015+00:00,,,,,,,,
2026-09-18T12:13:19.423477+00:00,spot_15,Spot 15,Empty,2026-09-17T22:21:18.480312+00:00,,,,,,,,
2026-09-18T12:13:19.423477+00:00,spot_16,Spot 16,Empty,2026-09-17T18:54:59.211877+00:00,,,,,,,,
2026-09-18T12:13:19.423477+00:00,spot_17,Spot 17,Empty,2026-09-17T18:54:59.211881+00:00,,,,,,,,
2026-09-18T12:14:19.117197+00:00,spot_1,Spot 1,Empty,2026-09-17T23:15:16.570232+00:00,,,,,,,,
2026-09-18T12:14:19.117197+00:00,spot_2,Spot 2,Empty,2026-09-17T18:54:59.211819+00:00,,,,,,,,
2026-09-18T12:14:19.117197+00:00,spot_3,Spot 3,Empty,2026-09-18T00:58:17.721972+00:00,,,,,,,,
2026-09-18T12:14:19.117197+00:00,spot_4,Spot 4,Empty,2026-09-17T19:31:40.829505+00:00,,,,,,,,
2026-09-18T12:14:19.117197+00:00,spot_5,Spot 5,Empty,2026-09-18T01:33:15.560778+00:00,,,,,,,,
2026-09-18T12:14:19.117197+00:00,spot_6,Spot 6,Empty,2026-09-17T23:08:14.612220+00:00,,,,,,,,
2026-09-18T12:14:19.117197+00:00,spot_7,Spot 7,Empty,2026-09-18T01:01:48.664840+00:00,,,,,,,,
2026-09-18T12:14:19.117197+00:00,spot_8,Spot 8,Empty,2026-09-17T23:59:14.247427+00:00,,,,,,,,
2026-09-18T12:14:19.117197+00:00,spot_9,Spot 9,Empty,2026-09-17T21:32:17.145530+00:00,,,,,,,,
2026-09-18T12:14:19.117197+00:00,spot_10,Spot 10,Empty,2026-09-17T21:34:19.347215+00:00,,,,,,,,
2026-09-18T12:14:19.117197+00:00,spot_11,Spot 11,Empty,2026-09-17T21:39:15.819043+00:00,,,,,,,,
2026-09-18T12:14:19.117197+00:00,spot_12,Spot 12,Empty,2026-09-18T00:30:22.762438+00:00,,,,,,,,
2026-09-18T12:14:19.117197+00:00,spot_13,Spot 13,Empty,2026-09-18T00:56:19.559398+00:00,,,,,,,,
2026-09-18T12:14:19.117197+00:00,spot_14,Spot 14,Empty,2026-09-18T00:39:15.838015+00:00,,,,,,,,
2026-09-18T12:14:19.117197+00:00,spot_15,Spot 15,Empty,2026-09-17T22:21:18.480312+00:00,,,,,,,,
2026-09-18T12:14:19.117197+00:00,spot_16,Spot 16,Empty,2026-09-17T18:54:59.211877+00:00,,,,,,,,
2026-09-18T12:14:19.117197+00:00,spot_17,Spot 17,Empty,2026-09-17T18:54:59.211881+00:00,,,,,,,,
2026-09-18T12:15:20.880081+00:00,spot_1,Spot 1,Empty,2026-09-17T23:15:16.570232+00:00,,,,,,,,
2026-09-18T12:15:20.880081+00:00,spot_2,Spot 2,Empty,2026-09-17T18:54:59.211819+00:00,,,,,,,,
2026-09-18T12:15:20.880081+00:00,spot_3,Spot 3,Empty,2026-09-18T00:58:17.721972+00:00,,,,,,,,
2026-09-18T12:15:20.880081+00:00,spot_4,Spot 4,Empty,2026-09-17T19:31:40.829505+00:00,,,,,,,,
2026-09-18T12:15:20.880081+00:00,spot_5,Spot 5,Empty,2026-09-18T01:33:15.560778+00:00,,,,,,,,
2026-09-18T12:15:20.880081+00:00,spot_6,Spot 6,Empty,2026-09-17T23:08:14.612220+00:00,,,,,,,,
2026-09-18T12:15:20.880081+00:00,spot_7,Spot 7,Empty,2026-09-18T01:01:48.664840+00:00,,,,,,,,
2026-09-18T12:15:20.880081+00:00,spot_8,Spot 8,Empty,2026-09-17T23:59:14.247427+00:00,,,,,,,,
2026-09-18T12:15:20.880081+00:00,spot_9,Spot 9,Empty,2026-09-17T21:32:17.145530+00:00,,,,,,,,
2026-09-18T12:15:20.880081+00:00,spot_10,Spot 10,Empty,2026-09-17T21:34:19.347215+00:00,,,,,,,,
2026-09-18T12:15:20.880081+00:00,spot_11,Spot 11,Empty,2026-09-17T21:39:15.819043+00:00,,,,,,,,
2026-09-18T12:15:20.880081+00:00,spot_12,Spot 12,Empty,2026-09-18T00:30:22.762438+00:00,,,,,,,,
2026-09-18T12:15:20.880081+00:00,spot_13,Spot 13,Empty,2026-09-18T00:56:19.559398+00:00,,,,,,,,
2026-09-18T12:15:20.880081+00:00,spot_14,Spot 14,Empty,2026-09-18T00:39:15.838015+00:00,,,,,,,,
2026-09-18T12:15:20.880081+00:00,spot_15,Spot 15,Empty,2026-09-17T22:21:18.480312+00:00,,,,,,,,
2026-09-18T12:15:20.880081+00:00,spot_16,Spot 16,Empty,2026-09-17T18:54:59.211877+00:00,,,,,,,,
2026-09-18T12:15:20.880081+00:00,spot_17,Spot 17,Empty,2026-09-17T18:54:59.211881+00:00,,,,,,,,
2026-09-18T12:16:23.299291+00:00,spot_1,Spot 1,Empty,2026-09-17T23:15:16.570232+00:00,,,,,,,,
2026-09-18T12:16:23.299291+00:00,spot_2,Spot 2,Empty,2026-09-17T18:54:59.211819+00:00,,,,,,,,
2026-09-18T12:16:23.299291+00:00,spot_3,Spot 3,Empty,2026-09-18T00:58:17.721972+00:00,,,,,,,,
2026-09-18T12:16:23.299291+00:00,spot_4,Spot 4,Empty,2026-09-17T19:31:40.829505+00:00,,,,,,,,
2026-09-18T12:16:23.299291+00:00,spot_5,Spot 5,Empty,2026-09-18T01:33:15.560778+00:00,,,,,,,,
2026-09-18T12:16:23.299291+00:00,spot_6,Spot 6,Empty,2026-09-17T23:08:14.612220+00:00,,,,,,,,
2026-09-18T12:16:23.299291+00:00,spot_7,Spot 7,Empty,2026-09-18T01:01:48.664840+00:00,,,,,,,,
2026-09-18T12:16:23.299291+00:00,spot_8,Spot 8,Empty,2026-09-17T23:59:14.247427+00:00,,,,,,,,
2026-09-18T12:16:23.299291+00:00,spot_9,Spot 9,Empty,2026-09-17T21:32:17.145530+00:00,,,,,,,,
2026-09-18T12:16:23.299291+00:00,spot_10,Spot 10,Empty,2026-09-17T21:34:19.347215+00:00,,,,,,,,
2026-09-18T12:16:23.299291+00:00,spot_11,Spot 11,Empty,2026-09-17T21:39:15.819043+00:00,,,,,,,,
2026-09-18T12:16:23.299291+00:00,spot_12,Spot 12,Empty,2026-09-18T00:30:22.762438+00:00,,,,,,,,
2026-09-18T12:16:23.299291+00:00,spot_13,Spot 13,Empty,2026-09-18T00:56:19.559398+00:00,,,,,,,,
2026-09-18T12:16:23.299291+00:00,spot_14,Spot 14,Empty,2026-09-18T00:39:15.838015+00:00,,,,,,,,
2026-09-18T12:16:23.299291+00:00,spot_15,Spot 15,Empty,2026-09-17T22:21:18.480312+00:00,,,,,,,,
2026-09-18T12:16:23.299291+00:00,spot_16,Spot 16,Empty,2026-09-17T18:54:59.211877+00:00,,,,,,,,
2026-09-18T12:16:23.299291+00:00,spot_17,Spot 17,Empty,2026-09-17T18:54:59.211881+00:00,,,,,,,,
2026-09-18T12:17:14.058709+00:00,spot_1,Spot 1,Empty,2026-09-17T23:15:16.570232+00:00,,,,,,,,
2026-09-18T12:17:14.058709+00:00,spot_2,Spot 2,Empty,2026-09-17T18:54:59.211819+00:00,,,,,,,,
2026-09-18T12:17:14.058709+00:00,spot_3,Spot 3,Empty,2026-09-18T00:58:17.721972+00:00,,,,,,,,
2026-09-18T12:17:14.058709+00:00,spot_4,Spot 4,Empty,2026-09-17T19:31:40.829505+00:00,,,,,,,,
2026-09-18T12:17:14.058709+00:00,spot_5,Spot 5,Empty,2026-09-18T01:33:15.560778+00:00,,,,,,,,
2026-09-18T12:17:14.058709+00:00,spot_6,Spot 6,Empty,2026-09-17T23:08:14.612220+00:00,,,,,,,,
2026-09-18T12:17:14.058709+00:00,spot_7,Spot 7,Empty,2026-09-18T01:01:48.664840+00:00,,,,,,,,
2026-09-18T12:17:14.058709+00:00,spot_8,Spot 8,Empty,2026-09-17T23:59:14.247427+00:00,,,,,,,,
2026-09-18T12:17:14.058709+00:00,spot_9,Spot 9,Empty,2026-09-17T21:32:17.145530+00:00,,,,,,,,
2026-09-18T12:17:14.058709+00:00,spot_10,Spot 10,Empty,2026-09-17T21:34:19.347215+00:00,,,,,,,,
2026-09-18T12:17:14.058709+00:00,spot_11,Spot 11,Empty,2026-09-17T21:39:15.819043+00:00,,,,,,,,
2026-09-18T12:17:14.058709+00:00,spot_12,Spot 12,Empty,2026-09-18T00:30:22.762438+00:00,,,,,,,,
2026-09-18T12:17:14.058709+00:00,spot_13,Spot 13,Empty,2026-09-18T00:56:19.559398+00:00,,,,,,,,
2026-09-18T12:17:14.058709+00:00,spot_14,Spot 14,Empty,2026-09-18T00:39:15.838015+00:00,,,,,,,,
2026-09-18T12:17:14.058709+00:00,spot_15,Spot 15,Empty,2026-09-17T22:21:18.480312+00:00,,,,,,,,
2026-09-18T12:17:14.058709+00:00,spot_16,Spot 16,Empty,2026-09-17T18:54:59.211877+00:00,,,,,,,,
2026-09-18T12:17:14.058709+00:00,spot_17,Spot 17,Empty,2026-09-17T18:54:59.211881+00:00,,,,,,,,
2026-09-18T12:18:13.862899+00:00,spot_1,Spot 1,Empty,2026-09-17T23:15:16.570232+00:00,,,,,,,,
2026-09-18T12:18:13.862899+00:00,spot_2,Spot 2,Empty,2026-09-17T18:54:59.211819+00:00,,,,,,,,
2026-09-18T12:18:13.862899+00:00,spot_3,Spot 3,Empty,2026-09-18T00:58:17.721972+00:00,,,,,,,,
2026-09-18T12:18:13.862899+00:00,spot_4,Spot 4,Empty,2026-09-17T19:31:40.829505+00:00,,,,,,,,
2026-09-18T12:18:13.862899+00:00,spot_5,Spot 5,Empty,2026-09-18T01:33:15.560778+00:00,,,,,,,,
2026-09-18T12:18:13.862899+00:00,spot_6,Spot 6,Empty,2026-09-17T23:08:14.612220+00:00,,,,,,,,
2026-09-18T12:18:13.862899+00:00,spot_7,Spot 7,Empty,2026-09-18T01:01:48.664840+00:00,,,,,,,,
2026-09-18T12:18:13.862899+00:00,spot_8,Spot 8,Empty,2026-09-17T23:59:14.247427+00:00,,,,,,,,
2026-09-18T12:18:13.862899+00:00,spot_9,Spot 9,Empty,2026-09-17T21:32:17.145530+00:00,,,,,,,,
2026-09-18T12:18:13.862899+00:00,spot_10,Spot 10,Empty,2026-09-17T21:34:19.347215+00:00,,,,,,,,
2026-09-18T12:18:13.862899+00:00,spot_11,Spot 11,Empty,2026-09-17T21:39:15.819043+00:00,,,,,,,,
2026-09-18T12:18:13.862899+00:00,spot_12,Spot 12,Empty,2026-09-18T00:30:22.762438+00:00,,,,,,,,
2026-09-18T12:18:13.862899+00:00,spot_13,Spot 13,Empty,2026-09-18T00:56:19.559398+00:00,,,,,,,,
2026-09-18T12:18:13.862899+00:00,spot_14,Spot 14,Empty,2026-09-18T00:39:15.838015+00:00,,,,,,,,
2026-09-18T12:18:13.862899+00:00,spot_15,Spot 15,Empty,2026-09-17T22:21:18.480312+00:00,,,,,,,,
2026-09-18T12:18:13.862899+00:00,spot_16,Spot 16,Empty,2026-09-17T18:54:59.211877+00:00,,,,,,,,
2026-09-18T12:18:13.862899+00:00,spot_17,Spot 17,Empty,2026-09-17T18:54:59.211881+00:00,,,,,,,,
2026-09-18T12:19:16.668098+00:00,spot_1,Spot 1,Empty,2026-09-17T23:15:16.570232+00:00,,,,,,,,
2026-09-18T12:19:16.668098+00:00,spot_2,Spot 2,Empty,2026-09-17T18:54:59.211819+00:00,,,,,,,,
2026-09-18T12:19:16.668098+00:00,spot_3,Spot 3,Empty,2026-09-18T00:58:17.721972+00:00,,,,,,,,
2026-09-18T12:19:16.668098+00:00,spot_4,Spot 4,Empty,2026-09-17T19:31:40.829505+00:00,,,,,,,,
2026-09-18T12:19:16.668098+00:00,spot_5,Spot 5,Empty,2026-09-18T01:33:15.560778+00:00,,,,,,,,
2026-09-18T12:19:16.668098+00:00,spot_6,Spot 6,Empty,2026-09-17T23:08:14.612220+00:00,,,,,,,,
2026-09-18T12:19:16.668098+00:00,spot_7,Spot 7,Empty,2026-09-18T01:01:48.664840+00:00,,,,,,,,
2026-09-18T12:19:16.668098+00:00,spot_8,Spot 8,Empty,2026-09-17T23:59:14.247427+00:00,,,,,,,,
2026-09-18T12:19:16.668098+00:00,spot_9,Spot 9,Empty,2026-09-17T21:32:17.145530+00:00,,,,,,,,
2026-09-18T12:19:16.668098+00:00,spot_10,Spot 10,Empty,2026-09-17T21:34:19.347215+00:00,,,,,,,,
2026-09-18T12:19:16.668098+00:00,spot_11,Spot 11,Empty,2026-09-17T21:39:15.819043+00:00,,,,,,,,
2026-09-18T12:19:16.668098+00:00,spot_12,Spot 12,Empty,2026-09-18T00:30:22.762438+00:00,,,,,,,,
2026-09-18T12:19:16.668098+00:00,spot_13,Spot 13,Empty,2026-09-18T00:56:19.559398+00:00,,,,,,,,
2026-09-18T12:19:16.668098+00:00,spot_14,Spot 14,Empty,2026-09-18T00:39:15.838015+00:00,,,,,,,,
2026-09-18T12:19:16.668098+00:00,spot_15,Spot 15,Empty,2026-09-17T22:21:18.480312+00:00,,,,,,,,
2026-09-18T12:19:16.668098+00:00,spot_16,Spot 16,Empty,2026-09-17T18:54:59.211877+00:00,,,,,,,,
2026-09-18T12:19:16.668098+00:00,spot_17,Spot 17,Empty,2026-09-17T18:54:59.211881+00:00,,,,,,,,
2026-09-18T12:20:20.017103+00:00,spot_1,Spot 1,Empty,2026-09-17T23:15:16.570232+00:00,,,,,,,,
2026-09-18T12:20:20.017103+00:00,spot_2,Spot 2,Empty,2026-09-17T18:54:59.211819+00:00,,,,,,,,
2026-09-18T12:20:20.017103+00:00,spot_3,Spot 3,Empty,2026-09-18T00:58:17.721972+00:00,,,,,,,,
2026-09-18T12:20:20.017103+00:00,spot_4,Spot 4,Empty,2026-09-17T19:31:40.829505+00:00,,,,,,,,
2026-09-18T12:20:20.017103+00:00,spot_5,Spot 5,Empty,2026-09-18T01:33:15.560778+00:00,,,,,,,,
2026-09-18T12:20:20.017103+00:00,spot_6,Spot 6,Empty,2026-09-17T23:08:14.612220+00:00,,,,,,,,
2026-09-18T12:20:20.017103+00:00,spot_7,Spot 7,Empty,2026-09-18T01:01:48.664840+00:00,,,,,,,,
2026-09-18T12:20:20.017103+00:00,spot_8,Spot 8,Empty,2026-09-17T23:59:14.247427+00:00,,,,,,,,
2026-09-18T12:20:20.017103+00:00,spot_9,Spot 9,Empty,2026-09-17T21:32:17.145530+00:00,,,,,,,,
2026-09-18T12:20:20.017103+00:00,spot_10,Spot 10,Empty,2026-09-17T21:34:19.347215+00:00,,,,,,,,
2026-09-18T12:20:20.017103+00:00,spot_11,Spot 11,Empty,2026-09-17T21:39:15.819043+00:00,,,,,,,,
2026-09-18T12:20:20.017103+00:00,spot_12,Spot 12,Empty,2026-09-18T00:30:22.762438+00:00,,,,,,,,
2026-09-18T12:20:20.017103+00:00,spot_13,Spot 13,Empty,2026-09-18T00:56:19.559398+00:00,,,,,,,,
2026-09-18T12:20:20.017103+00:00,spot_14,Spot 14,Empty,2026-09-18T00:39:15.838015+00:00,,,,,,,,
2026-09-18T12:20:20.017103+00:00,spot_15,Spot 15,Empty,2026-09-17T22:21:18.480312+00:00,,,,,,,,
2026-09-18T12:20:20.017103+00:00,spot_16,Spot 16,Empty,2026-09-17T18:54:59.211877+00:00,,,,,,,,
2026-09-18T12:20:20.017103+00:00,spot_17,Spot 17,Empty,2026-09-17T18:54:59.211881+00:00,,,,,,,,
2026-09-18T12:21:16.788016+00:00,spot_1,Spot 1,Empty,2026-09-17T23:15:16.570232+00:00,,,,,,,,
2026-09-18T12:21:16.788016+00:00,spot_2,Spot 2,Empty,2026-09-17T18:54:59.211819+00:00,,,,,,,,
2026-09-18T12:21:16.788016+00:00,spot_3,Spot 3,Empty,2026-09-18T00:58:17.721972+00:00,,,,,,,,
2026-09-18T12:21:16.788016+00:00,spot_4,Spot 4,Empty,2026-09-17T19:31:40.829505+00:00,,,,,,,,
2026-09-18T12:21:16.788016+00:00,spot_5,Spot 5,Empty,2026-09-18T01:33:15.560778+00:00,,,,,,,,
2026-09-18T12:21:16.788016+00:00,spot_6,Spot 6,Empty,2026-09-17T23:08:14.612220+00:00,,,,,,,,
2026-09-18T12:21:16.788016+00:00,spot_7,Spot 7,Empty,2026-09-18T01:01:48.664840+00:00,,,,,,,,
2026-09-18T12:21:16.788016+00:00,spot_8,Spot 8,Empty,2026-09-17T23:59:14.247427+00:00,,,,,,,,
2026-09-18T12:21:16.788016+00:00,spot_9,Spot 9,Empty,2026-09-17T21:32:17.145530+00:00,,,,,,,,
2026-09-18T12:21:16.788016+00:00,spot_10,Spot 10,Empty,2026-09-17T21:34:19.347215+00:00,,,,,,,,
2026-09-18T12:21:16.788016+00:00,spot_11,Spot 11,Empty,2026-09-17T21:39:15.819043+00:00,,,,,,,,
2026-09-18T12:21:16.788016+00:00,spot_12,Spot 12,Empty,2026-09-18T00:30:22.762438+00:00,,,,,,,,
2026-09-18T12:21:16.788016+00:00,spot_13,Spot 13,Empty,2026-09-18T00:56:19.559398+00:00,,,,,,,,
2026-09-18T12:21:16.788016+00:00,spot_14,Spot 14,Empty,2026-09-18T00:39:15.838015+00:00,,,,,,,,
2026-09-18T12:21:16.788016+00:00,spot_15,Spot 15,Empty,2026-09-17T22:21:18.480312+00:00,,,,,,,,
2026-09-18T12:21:16.788016+00:00,spot_16,Spot 16,Empty,2026-09-17T18:54:59.211877+00:00,,,,,,,,
2026-09-18T12:21:16.788016+00:00,spot_17,Spot 17,Empty,2026-09-17T18:54:59.211881+00:00,,,,,,,,
2026-09-18T12:22:14.060206+00:00,spot_1,Spot 1,Empty,2026-09-17T23:15:16.570232+00:00,,,,,,,,
2026-09-18T12:22:14.060206+00:00,spot_2,Spot 2,Empty,2026-09-17T18:54:59.211819+00:00,,,,,,,,
2026-09-18T12:22:14.060206+00:00,spot_3,Spot 3,Empty,2026-09-18T00:58:17.721972+00:00,,,,,,,,
2026-09-18T12:22:14.060206+00:00,spot_4,Spot 4,Empty,2026-09-17T19:31:40.829505+00:00,,,,,,,,
2026-09-18T12:22:14.060206+00:00,spot_5,Spot 5,Empty,2026-09-18T01:33:15.560778+00:00,,,,,,,,
2026-09-18T12:22:14.060206+00:00,spot_6,Spot 6,Empty,2026-09-17T23:08:14.612220+00:00,,,,,,,,
2026-09-18T12:22:14.060206+00:00,spot_7,Spot 7,Empty,2026-09-18T01:01:48.664840+00:00,,,,,,,,
2026-09-18T12:22:14.060206+00:00,spot_8,Spot 8,Empty,2026-09-17T23:59:14.247427+00:00,,,,,,,,
2026-09-18T12:22:14.060206+00:00,spot_9,Spot 9,Empty,2026-09-17T21:32:17.145530+00:00,,,,,,,,
2026-09-18T12:22:14.060206+00:00,spot_10,Spot 10,Empty,2026-09-17T21:34:19.347215+00:00,,,,,,,,
2026-09-18T12:22:14.060206+00:00,spot_11,Spot 11,Empty,2026-09-17T21:39:15.819043+00:00,,,,,,,,
2026-09-18T12:22:14.060206+00:00,spot_12,Spot 12,Empty,2026-09-18T00:30:22.762438+00:00,,,,,,,,
2026-09-18T12:22:14.060206+00:00,spot_13,Spot 13,Empty,2026-09-18T00:56:19.559398+00:00,,,,,,,,
2026-09-18T12:22:14.060206+00:00,spot_14,Spot 14,Empty,2026-09-18T00:39:15.838015+00:00,,,,,,,,
2026-09-18T12:22:14.060206+00:00,spot_15,Spot 15,Empty,2026-09-17T22:21:18.480312+00:00,,,,,,,,
2026-09-18T12:22:14.060206+00:00,spot_16,Spot 16,Empty,2026-09-17T18:54:59.211877+00:00,,,,,,,,
2026-09-18T12:22:14.060206+00:00,spot_17,Spot 17,Empty,2026-09-17T18:54:59.211881+00:00,,,,,,,,
2026-09-18T12:23:14.237107+00:00,spot_1,Spot 1,Empty,2026-09-17T23:15:16.570232+00:00,,,,,,,,
2026-09-18T12:23:14.237107+00:00,spot_2,Spot 2,Empty,2026-09-17T18:54:59.211819+00:00,,,,,,,,
2026-09-18T12:23:14.237107+00:00,spot_3,Spot 3,Empty,2026-09-18T00:58:17.721972+00:00,,,,,,,,
2026-09-18T12:23:14.237107+00:00,spot_4,Spot 4,Empty,2026-09-17T19:31:40.829505+00:00,,,,,,,,
2026-09-18T12:23:14.237107+00:00,spot_5,Spot 5,Empty,2026-09-18T01:33:15.560778+00:00,,,,,,,,
2026-09-18T12:23:14.237107+00:00,spot_6,Spot 6,Empty,2026-09-17T23:08:14.612220+00:00,,,,,,,,
2026-09-18T12:23:14.237107+00:00,spot_7,Spot 7,Empty,2026-09-18T01:01:48.664840+00:00,,,,,,,,
2026-09-18T12:23:14.237107+00:00,spot_8,Spot 8,Empty,2026-09-17T23:59:14.247427+00:00,,,,,,,,
2026-09-18T12:23:14.237107+00:00,spot_9,Spot 9,Empty,2026-09-17T21:32:17.145530+00:00,,,,,,,,
2026-09-18T12:23:14.237107+00:00,spot_10,Spot 10,Empty,2026-09-17T21:34:19.347215+00:00,,,,,,,,
2026-09-18T12:23:14.237107+00:00,spot_11,Spot 11,Empty,2026-09-17T21:39:15.819043+00:00,,,,,,,,
2026-09-18T12:23:14.237107+00:00,spot_12,Spot 12,Empty,2026-09-18T00:30:22.762438+00:00,,,,,,,,
2026-09-18T12:23:14.237107+00:00,spot_13,Spot 13,Empty,2026-09-18T00:56:19.559398+00:00,,,,,,,,
2026-09-18T12:23:14.237107+00:00,spot_14,Spot 14,Empty,2026-09-18T00:39:15.838015+00:00,,,,,,,,
2026-09-18T12:23:14.237107+00:00,spot_15,Spot 15,Empty,2026-09-17T22:21:18.480312+00:00,,,,,,,,
2026-09-18T12:23:14.237107+00:00,spot_16,Spot 16,Empty,2026-09-17T18:54:59.211877+00:00,,,,,,,,
2026-09-18T12:23:14.237107+00:00,spot_17,Spot 17,Empty,2026-09-17T18:54:59.211881+00:00,,,,,,,,
2026-09-18T12:24:18.099083+00:00,spot_1,Spot 1,Empty,2026-09-17T23:15:16.570232+00:00,,,,,,,,
2026-09-18T12:24:18.099083+00:00,spot_2,Spot 2,Empty,2026-09-17T18:54:59.211819+00:00,,,,,,,,
2026-09-18T12:24:18.099083+00:00,spot_3,Spot 3,Empty,2026-09-18T00:58:17.721972+00:00,,,,,,,,
2026-09-18T12:24:18.099083+00:00,spot_4,Spot 4,Empty,2026-09-17T19:31:40.829505+00:00,,,,,,,,
2026-09-18T12:24:18.099083+00:00,spot_5,Spot 5,Empty,2026-09-18T01:33:15.560778+00:00,,,,,,,,
2026-09-18T12:24:18.099083+00:00,spot_6,Spot 6,Empty,2026-09-17T23:08:14.612220+00:00,,,,,,,,
2026-09-18T12:24:18.099083+00:00,spot_7,Spot 7,Empty,2026-09-18T01:01:48.664840+00:00,,,,,,,,
2026-09-18T12:24:18.099083+00:00,spot_8,Spot 8,Empty,2026-09-17T23:59:14.247427+00:00,,,,,,,,
2026-09-18T12:24:18.099083+00:00,spot_9,Spot 9,Empty,2026-09-17T21:32:17.145530+00:00,,,,,,,,
2026-09-18T12:24:18.099083+00:00,spot_10,Spot 10,Empty,2026-09-17T21:34:19.347215+00:00,,,,,,,,
2026-09-18T12:24:18.099083+00:00,spot_11,Spot 11,Empty,2026-09-17T21:39:15.819043+00:00,,,,,,,,
2026-09-18T12:24:18.099083+00:00,spot_12,Spot 12,Empty,2026-09-18T00:30:22.762438+00:00,,,,,,,,
2026-09-18T12:24:18.099083+00:00,spot_13,Spot 13,Empty,2026-09-18T00:56:19.559398+00:00,,,,,,,,
2026-09-18T12:24:18.099083+00:00,spot_14,Spot 14,Empty,2026-09-18T00:39:15.838015+00:00,,,,,,,,
2026-09-18T12:24:18.099083+00:00,spot_15,Spot 15,Empty,2026-09-17T22:21:18.480312+00:00,,,,,,,,
2026-09-18T12:24:18.099083+00:00,spot_16,Spot 16,Empty,2026-09-17T18:54:59.211877+00:00,,,,,,,,
2026-09-18T12:24:18.099083+00:00,spot_17,Spot 17,Empty,2026-09-17T18:54:59.211881+00:00,,,,,,,,
2026-09-18T12:25:20.803847+00:00,spot_1,Spot 1,Empty,2026-09-17T23:15:16.570232+00:00,,,,,,,,
2026-09-18T12:25:20.803847+00:00,spot_2,Spot 2,Empty,2026-09-17T18:54:59.211819+00:00,,,,,,,,
2026-09-18T12:25:20.803847+00:00,spot_3,Spot 3,Empty,2026-09-18T00:58:17.721972+00:00,,,,,,,,
2026-09-18T12:25:20.803847+00:00,spot_4,Spot 4,Empty,2026-09-17T19:31:40.829505+00:00,,,,,,,,
2026-09-18T12:25:20.803847+00:00,spot_5,Spot 5,Empty,2026-09-18T01:33:15.560778+00:00,,,,,,,,
2026-09-18T12:25:20.803847+00:00,spot_6,Spot 6,Empty,2026-09-17T23:08:14.612220+00:00,,,,,,,,
2026-09-18T12:25:20.803847+00:00,spot_7,Spot 7,Empty,2026-09-18T01:01:48.664840+00:00,,,,,,,,
2026-09-18T12:25:20.803847+00:00,spot_8,Spot 8,Empty,2026-09-17T23:59:14.247427+00:00,,,,,,,,
2026-09-18T12:25:20.803847+00:00,spot_9,Spot 9,Empty,2026-09-17T21:32:17.145530+00:00,,,,,,,,
2026-09-18T12:25:20.803847+00:00,spot_10,Spot 10,Empty,2026-09-17T21:34:19.347215+00:00,,,,,,,,
2026-09-18T12:25:20.803847+00:00,spot_11,Spot 11,Empty,2026-09-17T21:39:15.819043+00:00,,,,,,,,
2026-09-18T12:25:20.803847+00:00,spot_12,Spot 12,Empty,2026-09-18T00:30:22.762438+00:00,,,,,,,,
2026-09-18T12:25:20.803847+00:00,spot_13,Spot 13,Empty,2026-09-18T00:56:19.559398+00:00,,,,,,,,
2026-09-18T12:25:20.803847+00:00,spot_14,Spot 14,Empty,2026-09-18T00:39:15.838015+00:00,,,,,,,,
2026-09-18T12:25:20.803847+00:00,spot_15,Spot 15,Empty,2026-09-17T22:21:18.480312+00:00,,,,,,,,
2026-09-18T12:25:20.803847+00:00,spot_16,Spot 16,Empty,2026-09-17T18:54:59.211877+00:00,,,,,,,,
2026-09-18T12:25:20.803847+00:00,spot_17,Spot 17,Empty,2026-09-17T18:54:59.211881+00:00,,,,,,,,
2026-09-18T12:26:23.487339+00:00,spot_1,Spot 1,Empty,2026-09-17T23:15:16.570232+00:00,,,,,,,,
2026-09-18T12:26:23.487339+00:00,spot_2,Spot 2,Empty,2026-09-17T18:54:59.211819+00:00,,,,,,,,
2026-09-18T12:26:23.487339+00:00,spot_3,Spot 3,Empty,2026-09-18T00:58:17.721972+00:00,,,,,,,,
2026-09-18T12:26:23.487339+00:00,spot_4,Spot 4,Empty,2026-09-17T19:31:40.829505+00:00,,,,,,,,
2026-09-18T12:26:23.487339+00:00,spot_5,Spot 5,Empty,2026-09-18T01:33:15.560778+00:00,,,,,,,,
2026-09-18T12:26:23.487339+00:00,spot_6,Spot 6,Empty,2026-09-17T23:08:14.612220+00:00,,,,,,,,
2026-09-18T12:26:23.487339+00:00,spot_7,Spot 7,Empty,2026-09-18T01:01:48.664840+00:00,,,,,,,,
2026-09-18T12:26:23.487339+00:00,spot_8,Spot 8,Empty,2026-09-17T23:59:14.247427+00:00,,,,,,,,
2026-09-18T12:26:23.487339+00:00,spot_9,Spot 9,Empty,2026-09-17T21:32:17.145530+00:00,,,,,,,,
2026-09-18T12:26:23.487339+00:00,spot_10,Spot 10,Empty,2026-09-17T21:34:19.347215+00:00,,,,,,,,
2026-09-18T12:26:23.487339+00:00,spot_11,Spot 11,Empty,2026-09-17T21:39:15.819043+00:00,,,,,,,,
2026-09-18T12:26:23.487339+00:00,spot_12,Spot 12,Empty,2026-09-18T00:30:22.762438+00:00,,,,,,,,
2026-09-18T12:26:23.487339+00:00,spot_13,Spot 13,Empty,2026-09-18T00:56:19.559398+00:00,,,,,,,,
2026-09-18T12:26:23.487339+00:00,spot_14,Spot 14,Empty,2026-09-18T00:39:15.838015+00:00,,,,,,,,
2026-09-18T12:26:23.487339+00:00,spot_15,Spot 15,Empty,2026-09-17T22:21:18.480312+00:00,,,,,,,,
2026-09-18T12:26:23.487339+00:00,spot_16,Spot 16,Empty,2026-09-17T18:54:59.211877+00:00,,,,,,,,
2026-09-18T12:26:23.487339+00:00,spot_17,Spot 17,Empty,2026-09-17T18:54:59.211881+00:00,,,,,,,,
2026-09-18T12:27:14.829962+00:00,spot_1,Spot 1,Empty,2026-09-17T23:15:16.570232+00:00,,,,,,,,
2026-09-18T12:27:14.829962+00:00,spot_2,Spot 2,Empty,2026-09-17T18:54:59.211819+00:00,,,,,,,,
2026-09-18T12:27:14.829962+00:00,spot_3,Spot 3,Empty,2026-09-18T00:58:17.721972+00:00,,,,,,,,
2026-09-18T12:27:14.829962+00:00,spot_4,Spot 4,Empty,2026-09-17T19:31:40.829505+00:00,,,,,,,,
2026-09-18T12:27:14.829962+00:00,spot_5,Spot 5,Empty,2026-09-18T01:33:15.560778+00:00,,,,,,,,
2026-09-18T12:27:14.829962+00:00,spot_6,Spot 6,Empty,2026-09-17T23:08:14.612220+00:00,,,,,,,,
2026-09-18T12:27:14.829962+00:00,spot_7,Spot 7,Empty,2026-09-18T01:01:48.664840+00:00,,,,,,,,
2026-09-18T12:27:14.829962+00:00,spot_8,Spot 8,Empty,2026-09-17T23:59:14.247427+00:00,,,,,,,,
2026-09-18T12:27:14.829962+00:00,spot_9,Spot 9,Empty,2026-09-17T21:32:17.145530+00:00,,,,,,,,
2026-09-18T12:27:14.829962+00:00,spot_10,Spot 10,Empty,2026-09-17T21:34:19.347215+00:00,,,,,,,,
2026-09-18T12:27:14.829962+00:00,spot_11,Spot 11,Empty,2026-09-17T21:39:15.819043+00:00,,,,,,,,
2026-09-18T12:27:14.829962+00:00,spot_12,Spot 12,Empty,2026-09-18T00:30:22.762438+00:00,,,,,,,,
2026-09-18T12:27:14.829962+00:00,spot_13,Spot 13,Empty,2026-09-18T00:56:19.559398+00:00,,,,,,,,
2026-09-18T12:27:14.829962+00:00,spot_14,Spot 14,Empty,2026-09-18T00:39:15.838015+00:00,,,,,,,,
2026-09-18T12:27:14.829962+00:00,spot_15,Spot 15,Empty,2026-09-17T22:21:18.480312+00:00,,,,,,,,
2026-09-18T12:27:14.829962+00:00,spot_16,Spot 16,Empty,2026-09-17T18:54:59.211877+00:00,,,,,,,,
2026-09-18T12:27:14.829962+00:00,spot_17,Spot 17,Empty,2026-09-17T18:54:59.211881+00:00,,,,,,,,
2026-09-18T12:28:17.883457+00:00,spot_1,Spot 1,Empty,2026-09-17T23:15:16.570232+00:00,,,,,,,,
2026-09-18T12:28:17.883457+00:00,spot_2,Spot 2,Empty,2026-09-17T18:54:59.211819+00:00,,,,,,,,
2026-09-18T12:28:17.883457+00:00,spot_3,Spot 3,Empty,2026-09-18T00:58:17.721972+00:00,,,,,,,,
2026-09-18T12:28:17.883457+00:00,spot_4,Spot 4,Empty,2026-09-17T19:31:40.829505+00:00,,,,,,,,
2026-09-18T12:28:17.883457+00:00,spot_5,Spot 5,Empty,2026-09-18T01:33:15.560778+00:00,,,,,,,,
2026-09-18T12:28:17.883457+00:00,spot_6,Spot 6,Empty,2026-09-17T23:08:14.612220+00:00,,,,,,,,
2026-09-18T12:28:17.883457+00:00,spot_7,Spot 7,Empty,2026-09-18T01:01:48.664840+00:00,,,,,,,,
2026-09-18T12:28:17.883457+00:00,spot_8,Spot 8,Empty,2026-09-17T23:59:14.247427+00:00,,,,,,,,
2026-09-18T12:28:17.883457+00:00,spot_9,Spot 9,Empty,2026-09-17T21:32:17.145530+00:00,,,,,,,,
2026-09-18T12:28:17.883457+00:00,spot_10,Spot 10,Empty,2026-09-17T21:34:19.347215+00:00,,,,,,,,
2026-09-18T12:28:17.883457+00:00,spot_11,Spot 11,Empty,2026-09-17T21:39:15.819043+00:00,,,,,,,,
2026-09-18T12:28:17.883457+00:00,spot_12,Spot 12,Empty,2026-09-18T00:30:22.762438+00:00,,,,,,,,
2026-09-18T12:28:17.883457+00:00,spot_13,Spot 13,Empty,2026-09-18T00:56:19.559398+00:00,,,,,,,,
2026-09-18T12:28:17.883457+00:00,spot_14,Spot 14,Empty,2026-09-18T00:39:15.838015+00:00,,,,,,,,
2026-09-18T12:28:17.883457+00:00,spot_15,Spot 15,Empty,2026-09-17T22:21:18.480312+00:00,,,,,,,,
2026-09-18T12:28:17.883457+00:00,spot_16,Spot 16,Empty,2026-09-17T18:54:59.211877+00:00,,,,,,,,
2026-09-18T12:28:17.883457+00:00,spot_17,Spot 17,Empty,2026-09-17T18:54:59.211881+00:00,,,,,,,,
2026-09-18T12:29:17.781597+00:00,spot_1,Spot 1,Empty,2026-09-17T23:15:16.570232+00:00,,,,,,,,
2026-09-18T12:29:17.781597+00:00,spot_2,Spot 2,Empty,2026-09-17T18:54:59.211819+00:00,,,,,,,,
2026-09-18T12:29:17.781597+00:00,spot_3,Spot 3,Empty,2026-09-18T00:58:17.721972+00:00,,,,,,,,
2026-09-18T12:29:17.781597+00:00,spot_4,Spot 4,Empty,2026-09-17T19:31:40.829505+00:00,,,,,,,,
2026-09-18T12:29:17.781597+00:00,spot_5,Spot 5,Empty,2026-09-18T01:33:15.560778+00:00,,,,,,,,
2026-09-18T12:29:17.781597+00:00,spot_6,Spot 6,Empty,2026-09-17T23:08:14.612220+00:00,,,,,,,,
2026-09-18T12:29:17.781597+00:00,spot_7,Spot 7,Empty,2026-09-18T01:01:48.664840+00:00,,,,,,,,
2026-09-18T12:29:17.781597+00:00,spot_8,Spot 8,Empty,2026-09-17T23:59:14.247427+00:00,,,,,,,,
2026-09-18T12:29:17.781597+00:00,spot_9,Spot 9,Empty,2026-09-17T21:32:17.145530+00:00,,,,,,,,
2026-09-18T12:29:17.781597+00:00,spot_10,Spot 10,Empty,2026-09-17T21:34:19.347215+00:00,,,,,,,,
2026-09-18T12:29:17.781597+00:00,spot_11,Spot 11,Empty,2026-09-17T21:39:15.819043+00:00,,,,,,,,
2026-09-18T12:29:17.781597+00:00,spot_12,Spot 12,Empty,2026-09-18T00:30:22.762438+00:00,,,,,,,,
2026-09-18T12:29:17.781597+00:00,spot_13,Spot 13,Empty,2026-09-18T00:56:19.559398+00:00,,,,,,,,
2026-09-18T12:29:17.781597+00:00,spot_14,Spot 14,Empty,2026-09-18T00:39:15.838015+00:00,,,,,,,,
2026-09-18T12:29:17.781597+00:00,spot_15,Spot 15,Empty,2026-09-17T22:21:18.480312+00:00,,,,,,,,
2026-09-18T12:29:17.781597+00:00,spot_16,Spot 16,Empty,2026-09-17T18:54:59.211877+00:00,,,,,,,,
2026-09-18T12:29:17.781597+00:00,spot_17,Spot 17,Empty,2026-09-17T18:54:59.211881+00:00,,,,,,,,
2026-09-18T12:30:26.128417+00:00,spot_1,Spot 1,Empty,2026-09-17T23:15:16.570232+00:00,,,,,,,,
2026-09-18T12:30:26.128417+00:00,spot_2,Spot 2,Empty,2026-09-17T18:54:59.211819+00:00,,,,,,,,
2026-09-18T12:30:26.128417+00:00,spot_3,Spot 3,Empty,2026-09-18T00:58:17.721972+00:00,,,,,,,,
2026-09-18T12:30:26.128417+00:00,spot_4,Spot 4,Empty,2026-09-17T19:31:40.829505+00:00,,,,,,,,
2026-09-18T12:30:26.128417+00:00,spot_5,Spot 5,Empty,2026-09-18T01:33:15.560778+00:00,,,,,,,,
2026-09-18T12:30:26.128417+00:00,spot_6,Spot 6,Empty,2026-09-17T23:08:14.612220+00:00,,,,,,,,
2026-09-18T12:30:26.128417+00:00,spot_7,Spot 7,Empty,2026-09-18T01:01:48.664840+00:00,,,,,,,,
2026-09-18T12:30:26.128417+00:00,spot_8,Spot 8,Empty,2026-09-17T23:59:14.247427+00:00,,,,,,,,
2026-09-18T12:30:26.128417+00:00,spot_9,Spot 9,Empty,2026-09-17T21:32:17.145530+00:00,,,,,,,,
2026-09-18T12:30:26.128417+00:00,spot_10,Spot 10,Empty,2026-09-17T21:34:19.347215+00:00,,,,,,,,
2026-09-18T12:30:26.128417+00:00,spot_11,Spot 11,Empty,2026-09-17T21:39:15.819043+00:00,,,,,,,,
2026-09-18T12:30:26.128417+00:00,spot_12,Spot 12,Empty,2026-09-18T00:30:22.762438+00:00,,,,,,,,
2026-09-18T12:30:26.128417+00:00,spot_13,Spot 13,Empty,2026-09-18T00:56:19.559398+00:00,,,,,,,,
2026-09-18T12:30:26.128417+00:00,spot_14,Spot 14,Empty,2026-09-18T00:39:15.838015+00:00,,,,,,,,
2026-09-18T12:30:26.128417+00:00,spot_15,Spot 15,Empty,2026-09-17T22:21:18.480312+00:00,,,,,,,,
2026-09-18T12:30:26.128417+00:00,spot_16,Spot 16,Empty,2026-09-17T18:54:59.211877+00:00,,,,,,,,
2026-09-18T12:30:26.128417+00:00,spot_17,Spot 17,Empty,2026-09-17T18:54:59.211881+00:00,,,,,,,,
2026-09-18T12:31:19.200879+00:00,spot_1,Spot 1,Empty,2026-09-17T23:15:16.570232+00:00,,,,,,,,
2026-09-18T12:31:19.200879+00:00,spot_2,Spot 2,Empty,2026-09-17T18:54:59.211819+00:00,,,,,,,,
2026-09-18T12:31:19.200879+00:00,spot_3,Spot 3,Empty,2026-09-18T00:58:17.721972+00:00,,,,,,,,
2026-09-18T12:31:19.200879+00:00,spot_4,Spot 4,Empty,2026-09-17T19:31:40.829505+00:00,,,,,,,,
2026-09-18T12:31:19.200879+00:00,spot_5,Spot 5,Empty,2026-09-18T01:33:15.560778+00:00,,,,,,,,
2026-09-18T12:31:19.200879+00:00,spot_6,Spot 6,Empty,2026-09-17T23:08:14.612220+00:00,,,,,,,,
2026-09-18T12:31:19.200879+00:00,spot_7,Spot 7,Empty,2026-09-18T01:01:48.664840+00:00,,,,,,,,
2026-09-18T12:31:19.200879+00:00,spot_8,Spot 8,Empty,2026-09-17T23:59:14.247427+00:00,,,,,,,,
2026-09-18T12:31:19.200879+00:00,spot_9,Spot 9,Empty,2026-09-17T21:32:17.145530+00:00,,,,,,,,
2026-09-18T12:31:19.200879+00:00,spot_10,Spot 10,Empty,2026-09-17T21:34:19.347215+00:00,,,,,,,,
2026-09-18T12:31:19.200879+00:00,spot_11,Spot 11,Empty,2026-09-17T21:39:15.819043+00:00,,,,,,,,
2026-09-18T12:31:19.200879+00:00,spot_12,Spot 12,Empty,2026-09-18T00:30:22.762438+00:00,,,,,,,,
2026-09-18T12:31:19.200879+00:00,spot_13,Spot 13,Empty,2026-09-18T00:56:19.559398+00:00,,,,,,,,
2026-09-18T12:31:19.200879+00:00,spot_14,Spot 14,Empty,2026-09-18T00:39:15.838015+00:00,,,,,,,,
2026-09-18T12:31:19.200879+00:00,spot_15,Spot 15,Empty,2026-09-17T22:21:18.480312+00:00,,,,,,,,
2026-09-18T12:31:19.200879+00:00,spot_16,Spot 16,Empty,2026-09-17T18:54:59.211877+00:00,,,,,,,,
2026-09-18T12:31:19.200879+00:00,spot_17,Spot 17,Empty,2026-09-17T18:54:59.211881+00:00,,,,,,,,
2026-09-18T12:32:16.227082+00:00,spot_1,Spot 1,Empty,2026-09-17T23:15:16.570232+00:00,,,,,,,,
2026-09-18T12:32:16.227082+00:00,spot_2,Spot 2,Empty,2026-09-17T18:54:59.211819+00:00,,,,,,,,
2026-09-18T12:32:16.227082+00:00,spot_3,Spot 3,Empty,2026-09-18T00:58:17.721972+00:00,,,,,,,,
2026-09-18T12:32:16.227082+00:00,spot_4,Spot 4,Empty,2026-09-17T19:31:40.829505+00:00,,,,,,,,
2026-09-18T12:32:16.227082+00:00,spot_5,Spot 5,Occupied,2026-09-18T12:32:16.227082+00:00,168,car,0.3604147136211395,0,343.53643798828125,331.47821044921875,368.24298095703125,343.10491943359375
2026-09-18T12:32:16.227082+00:00,spot_6,Spot 6,Empty,2026-09-17T23:08:14.612220+00:00,,,,,,,,
2026-09-18T12:32:16.227082+00:00,spot_7,Spot 7,Empty,2026-09-18T01:01:48.664840+00:00,,,,,,,,
2026-09-18T12:32:16.227082+00:00,spot_8,Spot 8,Empty,2026-09-17T23:59:14.247427+00:00,,,,,,,,
2026-09-18T12:32:16.227082+00:00,spot_9,Spot 9,Empty,2026-09-17T21:32:17.145530+00:00,,,,,,,,
2026-09-18T12:32:16.227082+00:00,spot_10,Spot 10,Empty,2026-09-17T21:34:19.347215+00:00,,,,,,,,
2026-09-18T12:32:16.227082+00:00,spot_11,Spot 11,Empty,2026-09-17T21:39:15.819043+00:00,,,,,,,,
2026-09-18T12:32:16.227082+00:00,spot_12,Spot 12,Empty,2026-09-18T00:30:22.762438+00:00,,,,,,,,
2026-09-18T12:32:16.227082+00:00,spot_13,Spot 13,Empty,2026-09-18T00:56:19.559398+00:00,,,,,,,,
2026-09-18T12:32:16.227082+00:00,spot_14,Spot 14,Empty,2026-09-18T00:39:15.838015+00:00,,,,,,,,
2026-09-18T12:32:16.227082+00:00,spot_15,Spot 15,Empty,2026-09-17T22:21:18.480312+00:00,,,,,,,,
2026-09-18T12:32:16.227082+00:00,spot_16,Spot 16,Empty,2026-09-17T18:54:59.211877+00:00,,,,,,,,
2026-09-18T12:32:16.227082+00:00,spot_17,Spot 17,Empty,2026-09-17T18:54:59.211881+00:00,,,,,,,,
2026-09-18T12:33:14.173226+00:00,spot_1,Spot 1,Empty,2026-09-17T23:15:16.570232+00:00,,,,,,,,
2026-09-18T12:33:14.173226+00:00,spot_2,Spot 2,Empty,2026-09-17T18:54:59.211819+00:00,,,,,,,,
2026-09-18T12:33:14.173226+00:00,spot_3,Spot 3,Empty,2026-09-18T00:58:17.721972+00:00,,,,,,,,
2026-09-18T12:33:14.173226+00:00,spot_4,Spot 4,Empty,2026-09-17T19:31:40.829505+00:00,,,,,,,,
2026-09-18T12:33:14.173226+00:00,spot_5,Spot 5,Empty,2026-09-18T12:33:14.173226+00:00,,,,,,,,
2026-09-18T12:33:14.173226+00:00,spot_6,Spot 6,Empty,2026-09-17T23:08:14.612220+00:00,,,,,,,,
2026-09-18T12:33:14.173226+00:00,spot_7,Spot 7,Empty,2026-09-18T01:01:48.664840+00:00,,,,,,,,
2026-09-18T12:33:14.173226+00:00,spot_8,Spot 8,Empty,2026-09-17T23:59:14.247427+00:00,,,,,,,,
2026-09-18T12:33:14.173226+00:00,spot_9,Spot 9,Empty,2026-09-17T21:32:17.145530+00:00,,,,,,,,
2026-09-18T12:33:14.173226+00:00,spot_10,Spot 10,Empty,2026-09-17T21:34:19.347215+00:00,,,,,,,,
2026-09-18T12:33:14.173226+00:00,spot_11,Spot 11,Empty,2026-09-17T21:39:15.819043+00:00,,,,,,,,
2026-09-18T12:33:14.173226+00:00,spot_12,Spot 12,Empty,2026-09-18T00:30:22.762438+00:00,,,,,,,,
2026-09-18T12:33:14.173226+00:00,spot_13,Spot 13,Empty,2026-09-18T00:56:19.559398+00:00,,,,,,,,
2026-09-18T12:33:14.173226+00:00,spot_14,Spot 14,Empty,2026-09-18T00:39:15.838015+00:00,,,,,,,,
2026-09-18T12:33:14.173226+00:00,spot_15,Spot 15,Empty,2026-09-17T22:21:18.480312+00:00,,,,,,,,
2026-09-18T12:33:14.173226+00:00,spot_16,Spot 16,Empty,2026-09-17T18:54:59.211877+00:00,,,,,,,,
2026-09-18T12:33:14.173226+00:00,spot_17,Spot 17,Empty,2026-09-17T18:54:59.211881+00:00,,,,,,,,
2026-09-18T12:34:18.408149+00:00,spot_1,Spot 1,Empty,2026-09-17T23:15:16.570232+00:00,,,,,,,,
2026-09-18T12:34:18.408149+00:00,spot_2,Spot 2,Empty,2026-09-17T18:54:59.211819+00:00,,,,,,,,
2026-09-18T12:34:18.408149+00:00,spot_3,Spot 3,Empty,2026-09-18T00:58:17.721972+00:00,,,,,,,,
2026-09-18T12:34:18.408149+00:00,spot_4,Spot 4,Empty,2026-09-17T19:31:40.829505+00:00,,,,,,,,
2026-09-18T12:34:18.408149+00:00,spot_5,Spot 5,Empty,2026-09-18T12:33:14.173226+00:00,,,,,,,,
2026-09-18T12:34:18.408149+00:00,spot_6,Spot 6,Empty,2026-09-17T23:08:14.612220+00:00,,,,,,,,
2026-09-18T12:34:18.408149+00:00,spot_7,Spot 7,Empty,2026-09-18T01:01:48.664840+00:00,,,,,,,,
2026-09-18T12:34:18.408149+00:00,spot_8,Spot 8,Empty,2026-09-17T23:59:14.247427+00:00,,,,,,,,
2026-09-18T12:34:18.408149+00:00,spot_9,Spot 9,Empty,2026-09-17T21:32:17.145530+00:00,,,,,,,,
2026-09-18T12:34:18.408149+00:00,spot_10,Spot 10,Empty,2026-09-17T21:34:19.347215+00:00,,,,,,,,
2026-09-18T12:34:18.408149+00:00,spot_11,Spot 11,Empty,2026-09-17T21:39:15.819043+00:00,,,,,,,,
2026-09-18T12:34:18.408149+00:00,spot_12,Spot 12,Empty,2026-09-18T00:30:22.762438+00:00,,,,,,,,
2026-09-18T12:34:18.408149+00:00,spot_13,Spot 13,Empty,2026-09-18T00:56:19.559398+00:00,,,,,,,,
2026-09-18T12:34:18.408149+00:00,spot_14,Spot 14,Empty,2026-09-18T00:39:15.838015+00:00,,,,,,,,
2026-09-18T12:34:18.408149+00:00,spot_15,Spot 15,Empty,2026-09-17T22:21:18.480312+00:00,,,,,,,,
2026-09-18T12:34:18.408149+00:00,spot_16,Spot 16,Empty,2026-09-17T18:54:59.211877+00:00,,,,,,,,
2026-09-18T12:34:18.408149+00:00,spot_17,Spot 17,Empty,2026-09-17T18:54:59.211881+00:00,,,,,,,,
2026-09-18T12:35:15.686500+00:00,spot_1,Spot 1,Empty,2026-09-17T23:15:16.570232+00:00,,,,,,,,
2026-09-18T12:35:15.686500+00:00,spot_2,Spot 2,Empty,2026-09-17T18:54:59.211819+00:00,,,,,,,,
2026-09-18T12:35:15.686500+00:00,spot_3,Spot 3,Empty,2026-09-18T00:58:17.721972+00:00,,,,,,,,
2026-09-18T12:35:15.686500+00:00,spot_4,Spot 4,Empty,2026-09-17T19:31:40.829505+00:00,,,,,,,,
2026-09-18T12:35:15.686500+00:00,spot_5,Spot 5,Empty,2026-09-18T12:33:14.173226+00:00,,,,,,,,
2026-09-18T12:35:15.686500+00:00,spot_6,Spot 6,Empty,2026-09-17T23:08:14.612220+00:00,,,,,,,,
2026-09-18T12:35:15.686500+00:00,spot_7,Spot 7,Empty,2026-09-18T01:01:48.664840+00:00,,,,,,,,
2026-09-18T12:35:15.686500+00:00,spot_8,Spot 8,Empty,2026-09-17T23:59:14.247427+00:00,,,,,,,,
2026-09-18T12:35:15.686500+00:00,spot_9,Spot 9,Empty,2026-09-17T21:32:17.145530+00:00,,,,,,,,
2026-09-18T12:35:15.686500+00:00,spot_10,Spot 10,Empty,2026-09-17T21:34:19.347215+00:00,,,,,,,,
2026-09-18T12:35:15.686500+00:00,spot_11,Spot 11,Empty,2026-09-17T21:39:15.819043+00:00,,,,,,,,
2026-09-18T12:35:15.686500+00:00,spot_12,Spot 12,Empty,2026-09-18T00:30:22.762438+00:00,,,,,,,,
2026-09-18T12:35:15.686500+00:00,spot_13,Spot 13,Empty,2026-09-18T00:56:19.559398+00:00,,,,,,,,
2026-09-18T12:35:15.686500+00:00,spot_14,Spot 14,Empty,2026-09-18T00:39:15.838015+00:00,,,,,,,,
2026-09-18T12:35:15.686500+00:00,spot_15,Spot 15,Empty,2026-09-17T22:21:18.480312+00:00,,,,,,,,
2026-09-18T12:35:15.686500+00:00,spot_16,Spot 16,Empty,2026-09-17T18:54:59.211877+00:00,,,,,,,,
2026-09-18T12:35:15.686500+00:00,spot_17,Spot 17,Empty,2026-09-17T18:54:59.211881+00:00,,,,,,,,
2026-09-18T12:36:24.361668+00:00,spot_1,Spot 1,Empty,2026-09-17T23:15:16.570232+00:00,,,,,,,,
2026-09-18T12:36:24.361668+00:00,spot_2,Spot 2,Empty,2026-09-17T18:54:59.211819+00:00,,,,,,,,
2026-09-18T12:36:24.361668+00:00,spot_3,Spot 3,Empty,2026-09-18T00:58:17.721972+00:00,,,,,,,,
2026-09-18T12:36:24.361668+00:00,spot_4,Spot 4,Empty,2026-09-17T19:31:40.829505+00:00,,,,,,,,
2026-09-18T12:36:24.361668+00:00,spot_5,Spot 5,Empty,2026-09-18T12:33:14.173226+00:00,,,,,,,,
2026-09-18T12:36:24.361668+00:00,spot_6,Spot 6,Empty,2026-09-17T23:08:14.612220+00:00,,,,,,,,
2026-09-18T12:36:24.361668+00:00,spot_7,Spot 7,Empty,2026-09-18T01:01:48.664840+00:00,,,,,,,,
2026-09-18T12:36:24.361668+00:00,spot_8,Spot 8,Empty,2026-09-17T23:59:14.247427+00:00,,,,,,,,
2026-09-18T12:36:24.361668+00:00,spot_9,Spot 9,Empty,2026-09-17T21:32:17.145530+00:00,,,,,,,,
2026-09-18T12:36:24.361668+00:00,spot_10,Spot 10,Empty,2026-09-17T21:34:19.347215+00:00,,,,,,,,
2026-09-18T12:36:24.361668+00:00,spot_11,Spot 11,Empty,2026-09-17T21:39:15.819043+00:00,,,,,,,,
2026-09-18T12:36:24.361668+00:00,spot_12,Spot 12,Empty,2026-09-18T00:30:22.762438+00:00,,,,,,,,
2026-09-18T12:36:24.361668+00:00,spot_13,Spot 13,Empty,2026-09-18T00:56:19.559398+00:00,,,,,,,,
2026-09-18T12:36:24.361668+00:00,spot_14,Spot 14,Empty,2026-09-18T00:39:15.838015+00:00,,,,,,,,
2026-09-18T12:36:24.361668+00:00,spot_15,Spot 15,Empty,2026-09-17T22:21:18.480312+00:00,,,,,,,,
2026-09-18T12:36:24.361668+00:00,spot_16,Spot 16,Empty,2026-09-17T18:54:59.211877+00:00,,,,,,,,
2026-09-18T12:36:24.361668+00:00,spot_17,Spot 17,Empty,2026-09-17T18:54:59.211881+00:00,,,,,,,,
2026-09-18T12:37:15.084672+00:00,spot_1,Spot 1,Empty,2026-09-17T23:15:16.570232+00:00,,,,,,,,
2026-09-18T12:37:15.084672+00:00,spot_2,Spot 2,Empty,2026-09-17T18:54:59.211819+00:00,,,,,,,,
2026-09-18T12:37:15.084672+00:00,spot_3,Spot 3,Empty,2026-09-18T00:58:17.721972+00:00,,,,,,,,
2026-09-18T12:37:15.084672+00:00,spot_4,Spot 4,Empty,2026-09-17T19:31:40.829505+00:00,,,,,,,,
2026-09-18T12:37:15.084672+00:00,spot_5,Spot 5,Occupied,2026-09-18T12:37:15.084672+00:00,169,car,0.4380706548690796,0,343.3551330566406,331.7249450683594,368.5092468261719,343.6232604980469
2026-09-18T12:37:15.084672+00:00,spot_6,Spot 6,Empty,2026-09-17T23:08:14.612220+00:00,,,,,,,,
2026-09-18T12:37:15.084672+00:00,spot_7,Spot 7,Empty,2026-09-18T01:01:48.664840+00:00,,,,,,,,
2026-09-18T12:37:15.084672+00:00,spot_8,Spot 8,Empty,2026-09-17T23:59:14.247427+00:00,,,,,,,,
2026-09-18T12:37:15.084672+00:00,spot_9,Spot 9,Empty,2026-09-17T21:32:17.145530+00:00,,,,,,,,
2026-09-18T12:37:15.084672+00:00,spot_10,Spot 10,Empty,2026-09-17T21:34:19.347215+00:00,,,,,,,,
2026-09-18T12:37:15.084672+00:00,spot_11,Spot 11,Empty,2026-09-17T21:39:15.819043+00:00,,,,,,,,
2026-09-18T12:37:15.084672+00:00,spot_12,Spot 12,Empty,2026-09-18T00:30:22.762438+00:00,,,,,,,,
2026-09-18T12:37:15.084672+00:00,spot_13,Spot 13,Empty,2026-09-18T00:56:19.559398+00:00,,,,,,,,
2026-09-18T12:37:15.084672+00:00,spot_14,Spot 14,Empty,2026-09-18T00:39:15.838015+00:00,,,,,,,,
2026-09-18T12:37:15.084672+00:00,spot_15,Spot 15,Empty,2026-09-17T22:21:18.480312+00:00,,,,,,,,
2026-09-18T12:37:15.084672+00:00,spot_16,Spot 16,Empty,2026-09-17T18:54:59.211877+00:00,,,,,,,,
2026-09-18T12:37:15.084672+00:00,spot_17,Spot 17,Empty,2026-09-17T18:54:59.211881+00:00,,,,,,,,
2026-09-18T12:38:15.343436+00:00,spot_1,Spot 1,Empty,2026-09-17T23:15:16.570232+00:00,,,,,,,,
2026-09-18T12:38:15.343436+00:00,spot_2,Spot 2,Empty,2026-09-17T18:54:59.211819+00:00,,,,,,,,
2026-09-18T12:38:15.343436+00:00,spot_3,Spot 3,Empty,2026-09-18T00:58:17.721972+00:00,,,,,,,,
2026-09-18T12:38:15.343436+00:00,spot_4,Spot 4,Empty,2026-09-17T19:31:40.829505+00:00,,,,,,,,
2026-09-18T12:38:15.343436+00:00,spot_5,Spot 5,Empty,2026-09-18T12:38:15.343436+00:00,,,,,,,,
2026-09-18T12:38:15.343436+00:00,spot_6,Spot 6,Empty,2026-09-17T23:08:14.612220+00:00,,,,,,,,
2026-09-18T12:38:15.343436+00:00,spot_7,Spot 7,Empty,2026-09-18T01:01:48.664840+00:00,,,,,,,,
2026-09-18T12:38:15.343436+00:00,spot_8,Spot 8,Empty,2026-09-17T23:59:14.247427+00:00,,,,,,,,
2026-09-18T12:38:15.343436+00:00,spot_9,Spot 9,Empty,2026-09-17T21:32:17.145530+00:00,,,,,,,,
2026-09-18T12:38:15.343436+00:00,spot_10,Spot 10,Empty,2026-09-17T21:34:19.347215+00:00,,,,,,,,
2026-09-18T12:38:15.343436+00:00,spot_11,Spot 11,Empty,2026-09-17T21:39:15.819043+00:00,,,,,,,,
2026-09-18T12:38:15.343436+00:00,spot_12,Spot 12,Empty,2026-09-18T00:30:22.762438+00:00,,,,,,,,
2026-09-18T12:38:15.343436+00:00,spot_13,Spot 13,Empty,2026-09-18T00:56:19.559398+00:00,,,,,,,,
2026-09-18T12:38:15.343436+00:00,spot_14,Spot 14,Empty,2026-09-18T00:39:15.838015+00:00,,,,,,,,
2026-09-18T12:38:15.343436+00:00,spot_15,Spot 15,Empty,2026-09-17T22:21:18.480312+00:00,,,,,,,,
2026-09-18T12:38:15.343436+00:00,spot_16,Spot 16,Empty,2026-09-17T18:54:59.211877+00:00,,,,,,,,
2026-09-18T12:38:15.343436+00:00,spot_17,Spot 17,Empty,2026-09-17T18:54:59.211881+00:00,,,,,,,,
2026-09-18T12:39:18.601422+00:00,spot_1,Spot 1,Empty,2026-09-17T23:15:16.570232+00:00,,,,,,,,
2026-09-18T12:39:18.601422+00:00,spot_2,Spot 2,Empty,2026-09-17T18:54:59.211819+00:00,,,,,,,,
2026-09-18T12:39:18.601422+00:00,spot_3,Spot 3,Empty,2026-09-18T00:58:17.721972+00:00,,,,,,,,
2026-09-18T12:39:18.601422+00:00,spot_4,Spot 4,Empty,2026-09-17T19:31:40.829505+00:00,,,,,,,,
2026-09-18T12:39:18.601422+00:00,spot_5,Spot 5,Empty,2026-09-18T12:38:15.343436+00:00,,,,,,,,
2026-09-18T12:39:18.601422+00:00,spot_6,Spot 6,Empty,2026-09-17T23:08:14.612220+00:00,,,,,,,,
2026-09-18T12:39:18.601422+00:00,spot_7,Spot 7,Empty,2026-09-18T01:01:48.664840+00:00,,,,,,,,
2026-09-18T12:39:18.601422+00:00,spot_8,Spot 8,Empty,2026-09-17T23:59:14.247427+00:00,,,,,,,,
2026-09-18T12:39:18.601422+00:00,spot_9,Spot 9,Empty,2026-09-17T21:32:17.145530+00:00,,,,,,,,
2026-09-18T12:39:18.601422+00:00,spot_10,Spot 10,Empty,2026-09-17T21:34:19.347215+00:00,,,,,,,,
2026-09-18T12:39:18.601422+00:00,spot_11,Spot 11,Empty,2026-09-17T21:39:15.819043+00:00,,,,,,,,
2026-09-18T12:39:18.601422+00:00,spot_12,Spot 12,Empty,2026-09-18T00:30:22.762438+00:00,,,,,,,,
2026-09-18T12:39:18.601422+00:00,spot_13,Spot 13,Empty,2026-09-18T00:56:19.559398+00:00,,,,,,,,
2026-09-18T12:39:18.601422+00:00,spot_14,Spot 14,Empty,2026-09-18T00:39:15.838015+00:00,,,,,,,,
2026-09-18T12:39:18.601422+00:00,spot_15,Spot 15,Empty,2026-09-17T22:21:18.480312+00:00,,,,,,,,
2026-09-18T12:39:18.601422+00:00,spot_16,Spot 16,Empty,2026-09-17T18:54:59.211877+00:00,,,,,,,,
2026-09-18T12:39:18.601422+00:00,spot_17,Spot 17,Empty,2026-09-17T18:54:59.211881+00:00,,,,,,,,
2026-09-18T12:40:25.148627+00:00,spot_1,Spot 1,Empty,2026-09-17T23:15:16.570232+00:00,,,,,,,,
2026-09-18T12:40:25.148627+00:00,spot_2,Spot 2,Empty,2026-09-17T18:54:59.211819+00:00,,,,,,,,
2026-09-18T12:40:25.148627+00:00,spot_3,Spot 3,Empty,2026-09-18T00:58:17.721972+00:00,,,,,,,,
2026-09-18T12:40:25.148627+00:00,spot_4,Spot 4,Empty,2026-09-17T19:31:40.829505+00:00,,,,,,,,
2026-09-18T12:40:25.148627+00:00,spot_5,Spot 5,Empty,2026-09-18T12:38:15.343436+00:00,,,,,,,,
2026-09-18T12:40:25.148627+00:00,spot_6,Spot 6,Empty,2026-09-17T23:08:14.612220+00:00,,,,,,,,
2026-09-18T12:40:25.148627+00:00,spot_7,Spot 7,Empty,2026-09-18T01:01:48.664840+00:00,,,,,,,,
2026-09-18T12:40:25.148627+00:00,spot_8,Spot 8,Empty,2026-09-17T23:59:14.247427+00:00,,,,,,,,
2026-09-18T12:40:25.148627+00:00,spot_9,Spot 9,Empty,2026-09-17T21:32:17.145530+00:00,,,,,,,,
2026-09-18T12:40:25.148627+00:00,spot_10,Spot 10,Empty,2026-09-17T21:34:19.347215+00:00,,,,,,,,
2026-09-18T12:40:25.148627+00:00,spot_11,Spot 11,Empty,2026-09-17T21:39:15.819043+00:00,,,,,,,,
2026-09-18T12:40:25.148627+00:00,spot_12,Spot 12,Empty,2026-09-18T00:30:22.762438+00:00,,,,,,,,
2026-09-18T12:40:25.148627+00:00,spot_13,Spot 13,Empty,2026-09-18T00:56:19.559398+00:00,,,,,,,,
2026-09-18T12:40:25.148627+00:00,spot_14,Spot 14,Empty,2026-09-18T00:39:15.838015+00:00,,,,,,,,
2026-09-18T12:40:25.148627+00:00,spot_15,Spot 15,Empty,2026-09-17T22:21:18.480312+00:00,,,,,,,,
2026-09-18T12:40:25.148627+00:00,spot_16,Spot 16,Empty,2026-09-17T18:54:59.211877+00:00,,,,,,,,
2026-09-18T12:40:25.148627+00:00,spot_17,Spot 17,Empty,2026-09-17T18:54:59.211881+00:00,,,,,,,,
2026-09-18T12:41:17.517507+00:00,spot_1,Spot 1,Empty,2026-09-17T23:15:16.570232+00:00,,,,,,,,
2026-09-18T12:41:17.517507+00:00,spot_2,Spot 2,Empty,2026-09-17T18:54:59.211819+00:00,,,,,,,,
2026-09-18T12:41:17.517507+00:00,spot_3,Spot 3,Empty,2026-09-18T00:58:17.721972+00:00,,,,,,,,
2026-09-18T12:41:17.517507+00:00,spot_4,Spot 4,Empty,2026-09-17T19:31:40.829505+00:00,,,,,,,,
2026-09-18T12:41:17.517507+00:00,spot_5,Spot 5,Empty,2026-09-18T12:38:15.343436+00:00,,,,,,,,
2026-09-18T12:41:17.517507+00:00,spot_6,Spot 6,Empty,2026-09-17T23:08:14.612220+00:00,,,,,,,,
2026-09-18T12:41:17.517507+00:00,spot_7,Spot 7,Empty,2026-09-18T01:01:48.664840+00:00,,,,,,,,
2026-09-18T12:41:17.517507+00:00,spot_8,Spot 8,Empty,2026-09-17T23:59:14.247427+00:00,,,,,,,,
2026-09-18T12:41:17.517507+00:00,spot_9,Spot 9,Empty,2026-09-17T21:32:17.145530+00:00,,,,,,,,
2026-09-18T12:41:17.517507+00:00,spot_10,Spot 10,Empty,2026-09-17T21:34:19.347215+00:00,,,,,,,,
2026-09-18T12:41:17.517507+00:00,spot_11,Spot 11,Empty,2026-09-17T21:39:15.819043+00:00,,,,,,,,
2026-09-18T12:41:17.517507+00:00,spot_12,Spot 12,Empty,2026-09-18T00:30:22.762438+00:00,,,,,,,,
2026-09-18T12:41:17.517507+00:00,spot_13,Spot 13,Empty,2026-09-18T00:56:19.559398+00:00,,,,,,,,
2026-09-18T12:41:17.517507+00:00,spot_14,Spot 14,Empty,2026-09-18T00:39:15.838015+00:00,,,,,,,,
2026-09-18T12:41:17.517507+00:00,spot_15,Spot 15,Empty,2026-09-17T22:21:18.480312+00:00,,,,,,,,
2026-09-18T12:41:17.517507+00:00,spot_16,Spot 16,Empty,2026-09-17T18:54:59.211877+00:00,,,,,,,,
2026-09-18T12:41:17.517507+00:00,spot_17,Spot 17,Empty,2026-09-17T18:54:59.211881+00:00,,,,,,,,
2026-09-18T12:42:17.322379+00:00,spot_1,Spot 1,Empty,2026-09-17T23:15:16.570232+00:00,,,,,,,,
2026-09-18T12:42:17.322379+00:00,spot_2,Spot 2,Empty,2026-09-17T18:54:59.211819+00:00,,,,,,,,
2026-09-18T12:42:17.322379+00:00,spot_3,Spot 3,Empty,2026-09-18T00:58:17.721972+00:00,,,,,,,,
2026-09-18T12:42:17.322379+00:00,spot_4,Spot 4,Empty,2026-09-17T19:31:40.829505+00:00,,,,,,,,
2026-09-18T12:42:17.322379+00:00,spot_5,Spot 5,Empty,2026-09-18T12:38:15.343436+00:00,,,,,,,,
2026-09-18T12:42:17.322379+00:00,spot_6,Spot 6,Empty,2026-09-17T23:08:14.612220+00:00,,,,,,,,
2026-09-18T12:42:17.322379+00:00,spot_7,Spot 7,Empty,2026-09-18T01:01:48.664840+00:00,,,,,,,,
2026-09-18T12:42:17.322379+00:00,spot_8,Spot 8,Empty,2026-09-17T23:59:14.247427+00:00,,,,,,,,
2026-09-18T12:42:17.322379+00:00,spot_9,Spot 9,Empty,2026-09-17T21:32:17.145530+00:00,,,,,,,,
2026-09-18T12:42:17.322379+00:00,spot_10,Spot 10,Empty,2026-09-17T21:34:19.347215+00:00,,,,,,,,
2026-09-18T12:42:17.322379+00:00,spot_11,Spot 11,Empty,2026-09-17T21:39:15.819043+00:00,,,,,,,,
2026-09-18T12:42:17.322379+00:00,spot_12,Spot 12,Empty,2026-09-18T00:30:22.762438+00:00,,,,,,,,
2026-09-18T12:42:17.322379+00:00,spot_13,Spot 13,Empty,2026-09-18T00:56:19.559398+00:00,,,,,,,,
2026-09-18T12:42:17.322379+00:00,spot_14,Spot 14,Empty,2026-09-18T00:39:15.838015+00:00,,,,,,,,
2026-09-18T12:42:17.322379+00:00,spot_15,Spot 15,Empty,2026-09-17T22:21:18.480312+00:00,,,,,,,,
2026-09-18T12:42:17.322379+00:00,spot_16,Spot 16,Empty,2026-09-17T18:54:59.211877+00:00,,,,,,,,
2026-09-18T12:42:17.322379+00:00,spot_17,Spot 17,Empty,2026-09-17T18:54:59.211881+00:00,,,,,,,,
2026-09-18T12:43:13.491745+00:00,spot_1,Spot 1,Empty,2026-09-17T23:15:16.570232+00:00,,,,,,,,
2026-09-18T12:43:13.491745+00:00,spot_2,Spot 2,Empty,2026-09-17T18:54:59.211819+00:00,,,,,,,,
2026-09-18T12:43:13.491745+00:00,spot_3,Spot 3,Empty,2026-09-18T00:58:17.721972+00:00,,,,,,,,
2026-09-18T12:43:13.491745+00:00,spot_4,Spot 4,Empty,2026-09-17T19:31:40.829505+00:00,,,,,,,,
2026-09-18T12:43:13.491745+00:00,spot_5,Spot 5,Empty,2026-09-18T12:38:15.343436+00:00,,,,,,,,
2026-09-18T12:43:13.491745+00:00,spot_6,Spot 6,Empty,2026-09-17T23:08:14.612220+00:00,,,,,,,,
2026-09-18T12:43:13.491745+00:00,spot_7,Spot 7,Empty,2026-09-18T01:01:48.664840+00:00,,,,,,,,
2026-09-18T12:43:13.491745+00:00,spot_8,Spot 8,Empty,2026-09-17T23:59:14.247427+00:00,,,,,,,,
2026-09-18T12:43:13.491745+00:00,spot_9,Spot 9,Empty,2026-09-17T21:32:17.145530+00:00,,,,,,,,
2026-09-18T12:43:13.491745+00:00,spot_10,Spot 10,Empty,2026-09-17T21:34:19.347215+00:00,,,,,,,,
2026-09-18T12:43:13.491745+00:00,spot_11,Spot 11,Empty,2026-09-17T21:39:15.819043+00:00,,,,,,,,
2026-09-18T12:43:13.491745+00:00,spot_12,Spot 12,Empty,2026-09-18T00:30:22.762438+00:00,,,,,,,,
2026-09-18T12:43:13.491745+00:00,spot_13,Spot 13,Empty,2026-09-18T00:56:19.559398+00:00,,,,,,,,
2026-09-18T12:43:13.491745+00:00,spot_14,Spot 14,Empty,2026-09-18T00:39:15.838015+00:00,,,,,,,,
2026-09-18T12:43:13.491745+00:00,spot_15,Spot 15,Empty,2026-09-17T22:21:18.480312+00:00,,,,,,,,
2026-09-18T12:43:13.491745+00:00,spot_16,Spot 16,Empty,2026-09-17T18:54:59.211877+00:00,,,,,,,,
2026-09-18T12:43:13.491745+00:00,spot_17,Spot 17,Empty,2026-09-17T18:54:59.211881+00:00,,,,,,,,
2026-09-18T12:44:14.816383+00:00,spot_1,Spot 1,Empty,2026-09-17T23:15:16.570232+00:00,,,,,,,,
2026-09-18T12:44:14.816383+00:00,spot_2,Spot 2,Empty,2026-09-17T18:54:59.211819+00:00,,,,,,,,
2026-09-18T12:44:14.816383+00:00,spot_3,Spot 3,Empty,2026-09-18T00:58:17.721972+00:00,,,,,,,,
2026-09-18T12:44:14.816383+00:00,spot_4,Spot 4,Empty,2026-09-17T19:31:40.829505+00:00,,,,,,,,
2026-09-18T12:44:14.816383+00:00,spot_5,Spot 5,Empty,2026-09-18T12:38:15.343436+00:00,,,,,,,,
2026-09-18T12:44:14.816383+00:00,spot_6,Spot 6,Empty,2026-09-17T23:08:14.612220+00:00,,,,,,,,
2026-09-18T12:44:14.816383+00:00,spot_7,Spot 7,Empty,2026-09-18T01:01:48.664840+00:00,,,,,,,,
2026-09-18T12:44:14.816383+00:00,spot_8,Spot 8,Empty,2026-09-17T23:59:14.247427+00:00,,,,,,,,
2026-09-18T12:44:14.816383+00:00,spot_9,Spot 9,Empty,2026-09-17T21:32:17.145530+00:00,,,,,,,,
2026-09-18T12:44:14.816383+00:00,spot_10,Spot 10,Empty,2026-09-17T21:34:19.347215+00:00,,,,,,,,
2026-09-18T12:44:14.816383+00:00,spot_11,Spot 11,Empty,2026-09-17T21:39:15.819043+00:00,,,,,,,,
2026-09-18T12:44:14.816383+00:00,spot_12,Spot 12,Empty,2026-09-18T00:30:22.762438+00:00,,,,,,,,
2026-09-18T12:44:14.816383+00:00,spot_13,Spot 13,Empty,2026-09-18T00:56:19.559398+00:00,,,,,,,,
2026-09-18T12:44:14.816383+00:00,spot_14,Spot 14,Empty,2026-09-18T00:39:15.838015+00:00,,,,,,,,
2026-09-18T12:44:14.816383+00:00,spot_15,Spot 15,Empty,2026-09-17T22:21:18.480312+00:00,,,,,,,,
2026-09-18T12:44:14.816383+00:00,spot_16,Spot 16,Empty,2026-09-17T18:54:59.211877+00:00,,,,,,,,
2026-09-18T12:44:14.816383+00:00,spot_17,Spot 17,Empty,2026-09-17T18:54:59.211881+00:00,,,,,,,,
2026-09-18T12:45:18.864376+00:00,spot_1,Spot 1,Empty,2026-09-17T23:15:16.570232+00:00,,,,,,,,
2026-09-18T12:45:18.864376+00:00,spot_2,Spot 2,Empty,2026-09-17T18:54:59.211819+00:00,,,,,,,,
2026-09-18T12:45:18.864376+00:00,spot_3,Spot 3,Empty,2026-09-18T00:58:17.721972+00:00,,,,,,,,
2026-09-18T12:45:18.864376+00:00,spot_4,Spot 4,Empty,2026-09-17T19:31:40.829505+00:00,,,,,,,,
2026-09-18T12:45:18.864376+00:00,spot_5,Spot 5,Empty,2026-09-18T12:38:15.343436+00:00,,,,,,,,
2026-09-18T12:45:18.864376+00:00,spot_6,Spot 6,Empty,2026-09-17T23:08:14.612220+00:00,,,,,,,,
2026-09-18T12:45:18.864376+00:00,spot_7,Spot 7,Empty,2026-09-18T01:01:48.664840+00:00,,,,,,,,
2026-09-18T12:45:18.864376+00:00,spot_8,Spot 8,Empty,2026-09-17T23:59:14.247427+00:00,,,,,,,,
2026-09-18T12:45:18.864376+00:00,spot_9,Spot 9,Occupied,2026-09-18T12:45:18.864376+00:00,170,car,0.8157060742378235,0,146.41671752929688,314.796875,227.80374145507812,354.038330078125
2026-09-18T12:45:18.864376+00:00,spot_10,Spot 10,Empty,2026-09-17T21:34:19.347215+00:00,,,,,,,,
2026-09-18T12:45:18.864376+00:00,spot_11,Spot 11,Empty,2026-09-17T21:39:15.819043+00:00,,,,,,,,
2026-09-18T12:45:18.864376+00:00,spot_12,Spot 12,Empty,2026-09-18T00:30:22.762438+00:00,,,,,,,,
2026-09-18T12:45:18.864376+00:00,spot_13,Spot 13,Empty,2026-09-18T00:56:19.559398+00:00,,,,,,,,
2026-09-18T12:45:18.864376+00:00,spot_14,Spot 14,Empty,2026-09-18T00:39:15.838015+00:00,,,,,,,,
2026-09-18T12:45:18.864376+00:00,spot_15,Spot 15,Empty,2026-09-17T22:21:18.480312+00:00,,,,,,,,
2026-09-18T12:45:18.864376+00:00,spot_16,Spot 16,Empty,2026-09-17T18:54:59.211877+00:00,,,,,,,,
2026-09-18T12:45:18.864376+00:00,spot_17,Spot 17,Empty,2026-09-17T18:54:59.211881+00:00,,,,,,,,
2026-09-18T12:46:22.608819+00:00,spot_1,Spot 1,Empty,2026-09-17T23:15:16.570232+00:00,,,,,,,,
2026-09-18T12:46:22.608819+00:00,spot_2,Spot 2,Empty,2026-09-17T18:54:59.211819+00:00,,,,,,,,
2026-09-18T12:46:22.608819+00:00,spot_3,Spot 3,Empty,2026-09-18T00:58:17.721972+00:00,,,,,,,,
2026-09-18T12:46:22.608819+00:00,spot_4,Spot 4,Empty,2026-09-17T19:31:40.829505+00:00,,,,,,,,
2026-09-18T12:46:22.608819+00:00,spot_5,Spot 5,Empty,2026-09-18T12:38:15.343436+00:00,,,,,,,,
2026-09-18T12:46:22.608819+00:00,spot_6,Spot 6,Empty,2026-09-17T23:08:14.612220+00:00,,,,,,,,
2026-09-18T12:46:22.608819+00:00,spot_7,Spot 7,Empty,2026-09-18T01:01:48.664840+00:00,,,,,,,,
2026-09-18T12:46:22.608819+00:00,spot_8,Spot 8,Empty,2026-09-17T23:59:14.247427+00:00,,,,,,,,
2026-09-18T12:46:22.608819+00:00,spot_9,Spot 9,Occupied,2026-09-18T12:45:18.864376+00:00,170,car,0.7021163702011108,57,146.12637329101562,313.8255310058594,224.88302612304688,354.2583312988281
2026-09-18T12:46:22.608819+00:00,spot_10,Spot 10,Empty,2026-09-17T21:34:19.347215+00:00,,,,,,,,
2026-09-18T12:46:22.608819+00:00,spot_11,Spot 11,Empty,2026-09-17T21:39:15.819043+00:00,,,,,,,,
2026-09-18T12:46:22.608819+00:00,spot_12,Spot 12,Empty,2026-09-18T00:30:22.762438+00:00,,,,,,,,
2026-09-18T12:46:22.608819+00:00,spot_13,Spot 13,Empty,2026-09-18T00:56:19.559398+00:00,,,,,,,,
2026-09-18T12:46:22.608819+00:00,spot_14,Spot 14,Empty,2026-09-18T00:39:15.838015+00:00,,,,,,,,
2026-09-18T12:46:22.608819+00:00,spot_15,Spot 15,Empty,2026-09-17T22:21:18.480312+00:00,,,,,,,,
2026-09-18T12:46:22.608819+00:00,spot_16,Spot 16,Empty,2026-09-17T18:54:59.211877+00:00,,,,,,,,
2026-09-18T12:46:22.608819+00:00,spot_17,Spot 17,Empty,2026-09-17T18:54:59.211881+00:00,,,,,,,,
2026-09-18T12:47:11.905364+00:00,spot_1,Spot 1,Empty,2026-09-17T23:15:16.570232+00:00,,,,,,,,
2026-09-18T12:47:11.905364+00:00,spot_2,Spot 2,Empty,2026-09-17T18:54:59.211819+00:00,,,,,,,,
2026-09-18T12:47:11.905364+00:00,spot_3,Spot 3,Empty,2026-09-18T00:58:17.721972+00:00,,,,,,,,
2026-09-18T12:47:11.905364+00:00,spot_4,Spot 4,Empty,2026-09-17T19:31:40.829505+00:00,,,,,,,,
2026-09-18T12:47:11.905364+00:00,spot_5,Spot 5,Empty,2026-09-18T12:38:15.343436+00:00,,,,,,,,
2026-09-18T12:47:11.905364+00:00,spot_6,Spot 6,Empty,2026-09-17T23:08:14.612220+00:00,,,,,,,,
2026-09-18T12:47:11.905364+00:00,spot_7,Spot 7,Empty,2026-09-18T01:01:48.664840+00:00,,,,,,,,
2026-09-18T12:47:11.905364+00:00,spot_8,Spot 8,Empty,2026-09-17T23:59:14.247427+00:00,,,,,,,,
2026-09-18T12:47:11.905364+00:00,spot_9,Spot 9,Occupied,2026-09-18T12:45:18.864376+00:00,170,car,0.8172901272773743,104,146.42147827148438,314.81634521484375,224.31716918945312,354.47088623046875
2026-09-18T12:47:11.905364+00:00,spot_10,Spot 10,Empty,2026-09-17T21:34:19.347215+00:00,,,,,,,,
2026-09-18T12:47:11.905364+00:00,spot_11,Spot 11,Empty,2026-09-17T21:39:15.819043+00:00,,,,,,,,
2026-09-18T12:47:11.905364+00:00,spot_12,Spot 12,Empty,2026-09-18T00:30:22.762438+00:00,,,,,,,,
2026-09-18T12:47:11.905364+00:00,spot_13,Spot 13,Empty,2026-09-18T00:56:19.559398+00:00,,,,,,,,
2026-09-18T12:47:11.905364+00:00,spot_14,Spot 14,Empty,2026-09-18T00:39:15.838015+00:00,,,,,,,,
2026-09-18T12:47:11.905364+00:00,spot_15,Spot 15,Empty,2026-09-17T22:21:18.480312+00:00,,,,,,,,
2026-09-18T12:47:11.905364+00:00,spot_16,Spot 16,Empty,2026-09-17T18:54:59.211877+00:00,,,,,,,,
2026-09-18T12:47:11.905364+00:00,spot_17,Spot 17,Empty,2026-09-17T18:54:59.211881+00:00,,,,,,,,
2026-09-18T12:48:13.341441+00:00,spot_1,Spot 1,Empty,2026-09-17T23:15:16.570232+00:00,,,,,,,,
2026-09-18T12:48:13.341441+00:00,spot_2,Spot 2,Empty,2026-09-17T18:54:59.211819+00:00,,,,,,,,
2026-09-18T12:48:13.341441+00:00,spot_3,Spot 3,Empty,2026-09-18T00:58:17.721972+00:00,,,,,,,,
2026-09-18T12:48:13.341441+00:00,spot_4,Spot 4,Empty,2026-09-17T19:31:40.829505+00:00,,,,,,,,
2026-09-18T12:48:13.341441+00:00,spot_5,Spot 5,Empty,2026-09-18T12:38:15.343436+00:00,,,,,,,,
2026-09-18T12:48:13.341441+00:00,spot_6,Spot 6,Empty,2026-09-17T23:08:14.612220+00:00,,,,,,,,
2026-09-18T12:48:13.341441+00:00,spot_7,Spot 7,Empty,2026-09-18T01:01:48.664840+00:00,,,,,,,,
2026-09-18T12:48:13.341441+00:00,spot_8,Spot 8,Empty,2026-09-17T23:59:14.247427+00:00,,,,,,,,
2026-09-18T12:48:13.341441+00:00,spot_9,Spot 9,Occupied,2026-09-18T12:45:18.864376+00:00,170,car,0.7842972278594971,168,145.20803833007812,314.1317138671875,223.97128295898438,353.89501953125
2026-09-18T12:48:13.341441+00:00,spot_10,Spot 10,Empty,2026-09-17T21:34:19.347215+00:00,,,,,,,,
2026-09-18T12:48:13.341441+00:00,spot_11,Spot 11,Empty,2026-09-17T21:39:15.819043+00:00,,,,,,,,
2026-09-18T12:48:13.341441+00:00,spot_12,Spot 12,Empty,2026-09-18T00:30:22.762438+00:00,,,,,,,,
2026-09-18T12:48:13.341441+00:00,spot_13,Spot 13,Empty,2026-09-18T00:56:19.559398+00:00,,,,,,,,
2026-09-18T12:48:13.341441+00:00,spot_14,Spot 14,Empty,2026-09-18T00:39:15.838015+00:00,,,,,,,,
2026-09-18T12:48:13.341441+00:00,spot_15,Spot 15,Empty,2026-09-17T22:21:18.480312+00:00,,,,,,,,
2026-09-18T12:48:13.341441+00:00,spot_16,Spot 16,Empty,2026-09-17T18:54:59.211877+00:00,,,,,,,,
2026-09-18T12:48:13.341441+00:00,spot_17,Spot 17,Empty,2026-09-17T18:54:59.211881+00:00,,,,,,,,
2026-09-18T12:49:12.106722+00:00,spot_1,Spot 1,Empty,2026-09-17T23:15:16.570232+00:00,,,,,,,,
2026-09-18T12:49:12.106722+00:00,spot_2,Spot 2,Empty,2026-09-17T18:54:59.211819+00:00,,,,,,,,
2026-09-18T12:49:12.106722+00:00,spot_3,Spot 3,Empty,2026-09-18T00:58:17.721972+00:00,,,,,,,,
2026-09-18T12:49:12.106722+00:00,spot_4,Spot 4,Empty,2026-09-17T19:31:40.829505+00:00,,,,,,,,
2026-09-18T12:49:12.106722+00:00,spot_5,Spot 5,Empty,2026-09-18T12:38:15.343436+00:00,,,,,,,,
2026-09-18T12:49:12.106722+00:00,spot_6,Spot 6,Empty,2026-09-17T23:08:14.612220+00:00,,,,,,,,
2026-09-18T12:49:12.106722+00:00,spot_7,Spot 7,Empty,2026-09-18T01:01:48.664840+00:00,,,,,,,,
2026-09-18T12:49:12.106722+00:00,spot_8,Spot 8,Empty,2026-09-17T23:59:14.247427+00:00,,,,,,,,
2026-09-18T12:49:12.106722+00:00,spot_9,Spot 9,Occupied,2026-09-18T12:45:18.864376+00:00,170,car,0.7401769161224365,225,147.0802764892578,314.1037902832031,224.97471618652344,353.9186706542969
2026-09-18T12:49:12.106722+00:00,spot_10,Spot 10,Empty,2026-09-17T21:34:19.347215+00:00,,,,,,,,
2026-09-18T12:49:12.106722+00:00,spot_11,Spot 11,Empty,2026-09-17T21:39:15.819043+00:00,,,,,,,,
2026-09-18T12:49:12.106722+00:00,spot_12,Spot 12,Empty,2026-09-18T00:30:22.762438+00:00,,,,,,,,
2026-09-18T12:49:12.106722+00:00,spot_13,Spot 13,Empty,2026-09-18T00:56:19.559398+00:00,,,,,,,,
2026-09-18T12:49:12.106722+00:00,spot_14,Spot 14,Empty,2026-09-18T00:39:15.838015+00:00,,,,,,,,
2026-09-18T12:49:12.106722+00:00,spot_15,Spot 15,Empty,2026-09-17T22:21:18.480312+00:00,,,,,,,,
2026-09-18T12:49:12.106722+00:00,spot_16,Spot 16,Empty,2026-09-17T18:54:59.211877+00:00,,,,,,,,
2026-09-18T12:49:12.106722+00:00,spot_17,Spot 17,Empty,2026-09-17T18:54:59.211881+00:00,,,,,,,,
2026-09-18T12:50:14.529043+00:00,spot_1,Spot 1,Empty,2026-09-17T23:15:16.570232+00:00,,,,,,,,
2026-09-18T12:50:14.529043+00:00,spot_2,Spot 2,Empty,2026-09-17T18:54:59.211819+00:00,,,,,,,,
2026-09-18T12:50:14.529043+00:00,spot_3,Spot 3,Empty,2026-09-18T00:58:17.721972+00:00,,,,,,,,
2026-09-18T12:50:14.529043+00:00,spot_4,Spot 4,Empty,2026-09-17T19:31:40.829505+00:00,,,,,,,,
2026-09-18T12:50:14.529043+00:00,spot_5,Spot 5,Empty,2026-09-18T12:38:15.343436+00:00,,,,,,,,
2026-09-18T12:50:14.529043+00:00,spot_6,Spot 6,Empty,2026-09-17T23:08:14.612220+00:00,,,,,,,,
2026-09-18T12:50:14.529043+00:00,spot_7,Spot 7,Empty,2026-09-18T01:01:48.664840+00:00,,,,,,,,
2026-09-18T12:50:14.529043+00:00,spot_8,Spot 8,Empty,2026-09-17T23:59:14.247427+00:00,,,,,,,,
2026-09-18T12:50:14.529043+00:00,spot_9,Spot 9,Occupied,2026-09-18T12:45:18.864376+00:00,170,car,0.7401769161224365,329,147.0802764892578,314.1037902832031,224.97471618652344,353.9186706542969
2026-09-18T12:50:14.529043+00:00,spot_10,Spot 10,Empty,2026-09-17T21:34:19.347215+00:00,,,,,,,,
2026-09-18T12:50:14.529043+00:00,spot_11,Spot 11,Empty,2026-09-17T21:39:15.819043+00:00,,,,,,,,
2026-09-18T12:50:14.529043+00:00,spot_12,Spot 12,Empty,2026-09-18T00:30:22.762438+00:00,,,,,,,,
2026-09-18T12:50:14.529043+00:00,spot_13,Spot 13,Empty,2026-09-18T00:56:19.559398+00:00,,,,,,,,
2026-09-18T12:50:14.529043+00:00,spot_14,Spot 14,Empty,2026-09-18T00:39:15.838015+00:00,,,,,,,,
2026-09-18T12:50:14.529043+00:00,spot_15,Spot 15,Empty,2026-09-17T22:21:18.480312+00:00,,,,,,,,
2026-09-18T12:50:14.529043+00:00,spot_16,Spot 16,Empty,2026-09-17T18:54:59.211877+00:00,,,,,,,,
2026-09-18T12:50:14.529043+00:00,spot_17,Spot 17,Empty,2026-09-17T18:54:59.211881+00:00,,,,,,,,
2026-09-18T12:52:24.406322+00:00,spot_1,Spot 1,Empty,2026-09-17T23:15:16.570232+00:00,,,,,,,,
2026-09-18T12:52:24.406322+00:00,spot_2,Spot 2,Empty,2026-09-17T18:54:59.211819+00:00,,,,,,,,
2026-09-18T12:52:24.406322+00:00,spot_3,Spot 3,Empty,2026-09-18T00:58:17.721972+00:00,,,,,,,,
2026-09-18T12:52:24.406322+00:00,spot_4,Spot 4,Empty,2026-09-17T19:31:40.829505+00:00,,,,,,,,
2026-09-18T12:52:24.406322+00:00,spot_5,Spot 5,Empty,2026-09-18T12:38:15.343436+00:00,,,,,,,,
2026-09-18T12:52:24.406322+00:00,spot_6,Spot 6,Empty,2026-09-17T23:08:14.612220+00:00,,,,,,,,
2026-09-18T12:52:24.406322+00:00,spot_7,Spot 7,Empty,2026-09-18T01:01:48.664840+00:00,,,,,,,,
2026-09-18T12:52:24.406322+00:00,spot_8,Spot 8,Empty,2026-09-17T23:59:14.247427+00:00,,,,,,,,
2026-09-18T12:52:24.406322+00:00,spot_9,Spot 9,Occupied,2026-09-18T12:45:18.864376+00:00,170,car,0.520996630191803,419,148.09632873535156,312.91614532470703,226.5608367919922,352.9476013183594
2026-09-18T12:52:24.406322+00:00,spot_10,Spot 10,Empty,2026-09-17T21:34:19.347215+00:00,,,,,,,,
2026-09-18T12:52:24.406322+00:00,spot_11,Spot 11,Empty,2026-09-17T21:39:15.819043+00:00,,,,,,,,
2026-09-18T12:52:24.406322+00:00,spot_12,Spot 12,Empty,2026-09-18T00:30:22.762438+00:00,,,,,,,,
2026-09-18T12:52:24.406322+00:00,spot_13,Spot 13,Empty,2026-09-18T00:56:19.559398+00:00,,,,,,,,
2026-09-18T12:52:24.406322+00:00,spot_14,Spot 14,Empty,2026-09-18T00:39:15.838015+00:00,,,,,,,,
2026-09-18T12:52:24.406322+00:00,spot_15,Spot 15,Empty,2026-09-17T22:21:18.480312+00:00,,,,,,,,
2026-09-18T12:52:24.406322+00:00,spot_16,Spot 16,Empty,2026-09-17T18:54:59.211877+00:00,,,,,,,,
2026-09-18T12:52:24.406322+00:00,spot_17,Spot 17,Empty,2026-09-17T18:54:59.211881+00:00,,,,,,,,
2026-09-18T12:53:13.746372+00:00,spot_1,Spot 1,Empty,2026-09-17T23:15:16.570232+00:00,,,,,,,,
2026-09-18T12:53:13.746372+00:00,spot_2,Spot 2,Empty,2026-09-17T18:54:59.211819+00:00,,,,,,,,
2026-09-18T12:53:13.746372+00:00,spot_3,Spot 3,Empty,2026-09-18T00:58:17.721972+00:00,,,,,,,,
2026-09-18T12:53:13.746372+00:00,spot_4,Spot 4,Empty,2026-09-17T19:31:40.829505+00:00,,,,,,,,
2026-09-18T12:53:13.746372+00:00,spot_5,Spot 5,Empty,2026-09-18T12:38:15.343436+00:00,,,,,,,,
2026-09-18T12:53:13.746372+00:00,spot_6,Spot 6,Empty,2026-09-17T23:08:14.612220+00:00,,,,,,,,
2026-09-18T12:53:13.746372+00:00,spot_7,Spot 7,Empty,2026-09-18T01:01:48.664840+00:00,,,,,,,,
2026-09-18T12:53:13.746372+00:00,spot_8,Spot 8,Empty,2026-09-17T23:59:14.247427+00:00,,,,,,,,
2026-09-18T12:53:13.746372+00:00,spot_9,Spot 9,Occupied,2026-09-18T12:45:18.864376+00:00,170,car,0.520996630191803,466,148.09632873535156,312.91614532470703,226.5608367919922,352.9476013183594
2026-09-18T12:53:13.746372+00:00,spot_10,Spot 10,Empty,2026-09-17T21:34:19.347215+00:00,,,,,,,,
2026-09-18T12:53:13.746372+00:00,spot_11,Spot 11,Empty,2026-09-17T21:39:15.819043+00:00,,,,,,,,
2026-09-18T12:53:13.746372+00:00,spot_12,Spot 12,Empty,2026-09-18T00:30:22.762438+00:00,,,,,,,,
2026-09-18T12:53:13.746372+00:00,spot_13,Spot 13,Empty,2026-09-18T00:56:19.559398+00:00,,,,,,,,
2026-09-18T12:53:13.746372+00:00,spot_14,Spot 14,Empty,2026-09-18T00:39:15.838015+00:00,,,,,,,,
2026-09-18T12:53:13.746372+00:00,spot_15,Spot 15,Empty,2026-09-17T22:21:18.480312+00:00,,,,,,,,
2026-09-18T12:53:13.746372+00:00,spot_16,Spot 16,Empty,2026-09-17T18:54:59.211877+00:00,,,,,,,,
2026-09-18T12:53:13.746372+00:00,spot_17,Spot 17,Empty,2026-09-17T18:54:59.211881+00:00,,,,,,,,
2026-09-18T12:54:14.355450+00:00,spot_1,Spot 1,Empty,2026-09-17T23:15:16.570232+00:00,,,,,,,,
2026-09-18T12:54:14.355450+00:00,spot_2,Spot 2,Empty,2026-09-17T18:54:59.211819+00:00,,,,,,,,
2026-09-18T12:54:14.355450+00:00,spot_3,Spot 3,Empty,2026-09-18T00:58:17.721972+00:00,,,,,,,,
2026-09-18T12:54:14.355450+00:00,spot_4,Spot 4,Empty,2026-09-17T19:31:40.829505+00:00,,,,,,,,
2026-09-18T12:54:14.355450+00:00,spot_5,Spot 5,Empty,2026-09-18T12:38:15.343436+00:00,,,,,,,,
2026-09-18T12:54:14.355450+00:00,spot_6,Spot 6,Empty,2026-09-17T23:08:14.612220+00:00,,,,,,,,
2026-09-18T12:54:14.355450+00:00,spot_7,Spot 7,Empty,2026-09-18T01:01:48.664840+00:00,,,,,,,,
2026-09-18T12:54:14.355450+00:00,spot_8,Spot 8,Empty,2026-09-17T23:59:14.247427+00:00,,,,,,,,
2026-09-18T12:54:14.355450+00:00,spot_9,Spot 9,Occupied,2026-09-18T12:45:18.864376+00:00,170,truck,0.6346651315689087,531,145.89398193359375,311.95758056640625,224.30270385742188,353.25274658203125
2026-09-18T12:54:14.355450+00:00,spot_10,Spot 10,Empty,2026-09-17T21:34:19.347215+00:00,,,,,,,,
2026-09-18T12:54:14.355450+00:00,spot_11,Spot 11,Empty,2026-09-17T21:39:15.819043+00:00,,,,,,,,
2026-09-18T12:54:14.355450+00:00,spot_12,Spot 12,Empty,2026-09-18T00:30:22.762438+00:00,,,,,,,,
2026-09-18T12:54:14.355450+00:00,spot_13,Spot 13,Empty,2026-09-18T00:56:19.559398+00:00,,,,,,,,
2026-09-18T12:54:14.355450+00:00,spot_14,Spot 14,Empty,2026-09-18T00:39:15.838015+00:00,,,,,,,,
2026-09-18T12:54:14.355450+00:00,spot_15,Spot 15,Empty,2026-09-17T22:21:18.480312+00:00,,,,,,,,
2026-09-18T12:54:14.355450+00:00,spot_16,Spot 16,Empty,2026-09-17T18:54:59.211877+00:00,,,,,,,,
2026-09-18T12:54:14.355450+00:00,spot_17,Spot 17,Empty,2026-09-17T18:54:59.211881+00:00,,,,,,,,
2026-09-18T12:55:19.511363+00:00,spot_1,Spot 1,Empty,2026-09-17T23:15:16.570232+00:00,,,,,,,,
2026-09-18T12:55:19.511363+00:00,spot_2,Spot 2,Empty,2026-09-17T18:54:59.211819+00:00,,,,,,,,
2026-09-18T12:55:19.511363+00:00,spot_3,Spot 3,Empty,2026-09-18T00:58:17.721972+00:00,,,,,,,,
2026-09-18T12:55:19.511363+00:00,spot_4,Spot 4,Empty,2026-09-17T19:31:40.829505+00:00,,,,,,,,
2026-09-18T12:55:19.511363+00:00,spot_5,Spot 5,Empty,2026-09-18T12:38:15.343436+00:00,,,,,,,,
2026-09-18T12:55:19.511363+00:00,spot_6,Spot 6,Empty,2026-09-17T23:08:14.612220+00:00,,,,,,,,
2026-09-18T12:55:19.511363+00:00,spot_7,Spot 7,Empty,2026-09-18T01:01:48.664840+00:00,,,,,,,,
2026-09-18T12:55:19.511363+00:00,spot_8,Spot 8,Empty,2026-09-17T23:59:14.247427+00:00,,,,,,,,
2026-09-18T12:55:19.511363+00:00,spot_9,Spot 9,Occupied,2026-09-18T12:45:18.864376+00:00,170,truck,0.6298094987869263,598,147.2376708984375,313.47320556640625,226.2388916015625,353.14599609375
2026-09-18T12:55:19.511363+00:00,spot_10,Spot 10,Empty,2026-09-17T21:34:19.347215+00:00,,,,,,,,
2026-09-18T12:55:19.511363+00:00,spot_11,Spot 11,Empty,2026-09-17T21:39:15.819043+00:00,,,,,,,,
2026-09-18T12:55:19.511363+00:00,spot_12,Spot 12,Empty,2026-09-18T00:30:22.762438+00:00,,,,,,,,
2026-09-18T12:55:19.511363+00:00,spot_13,Spot 13,Empty,2026-09-18T00:56:19.559398+00:00,,,,,,,,
2026-09-18T12:55:19.511363+00:00,spot_14,Spot 14,Empty,2026-09-18T00:39:15.838015+00:00,,,,,,,,
2026-09-18T12:55:19.511363+00:00,spot_15,Spot 15,Empty,2026-09-17T22:21:18.480312+00:00,,,,,,,,
2026-09-18T12:55:19.511363+00:00,spot_16,Spot 16,Empty,2026-09-17T18:54:59.211877+00:00,,,,,,,,
2026-09-18T12:55:19.511363+00:00,spot_17,Spot 17,Empty,2026-09-17T18:54:59.211881+00:00,,,,,,,,
2026-09-18T12:56:24.340319+00:00,spot_1,Spot 1,Empty,2026-09-17T23:15:16.570232+00:00,,,,,,,,
2026-09-18T12:56:24.340319+00:00,spot_2,Spot 2,Empty,2026-09-17T18:54:59.211819+00:00,,,,,,,,
2026-09-18T12:56:24.340319+00:00,spot_3,Spot 3,Empty,2026-09-18T00:58:17.721972+00:00,,,,,,,,
2026-09-18T12:56:24.340319+00:00,spot_4,Spot 4,Empty,2026-09-17T19:31:40.829505+00:00,,,,,,,,
2026-09-18T12:56:24.340319+00:00,spot_5,Spot 5,Empty,2026-09-18T12:38:15.343436+00:00,,,,,,,,
2026-09-18T12:56:24.340319+00:00,spot_6,Spot 6,Empty,2026-09-17T23:08:14.612220+00:00,,,,,,,,
2026-09-18T12:56:24.340319+00:00,spot_7,Spot 7,Empty,2026-09-18T01:01:48.664840+00:00,,,,,,,,
2026-09-18T12:56:24.340319+00:00,spot_8,Spot 8,Empty,2026-09-17T23:59:14.247427+00:00,,,,,,,,
2026-09-18T12:56:24.340319+00:00,spot_9,Spot 9,Occupied,2026-09-18T12:45:18.864376+00:00,170,truck,0.595481276512146,659,146.82330322265625,312.9190673828125,230.8018798828125,353.8936767578125
2026-09-18T12:56:24.340319+00:00,spot_10,Spot 10,Empty,2026-09-17T21:34:19.347215+00:00,,,,,,,,
2026-09-18T12:56:24.340319+00:00,spot_11,Spot 11,Empty,2026-09-17T21:39:15.819043+00:00,,,,,,,,
2026-09-18T12:56:24.340319+00:00,spot_12,Spot 12,Empty,2026-09-18T00:30:22.762438+00:00,,,,,,,,
2026-09-18T12:56:24.340319+00:00,spot_13,Spot 13,Empty,2026-09-18T00:56:19.559398+00:00,,,,,,,,
2026-09-18T12:56:24.340319+00:00,spot_14,Spot 14,Empty,2026-09-18T00:39:15.838015+00:00,,,,,,,,
2026-09-18T12:56:24.340319+00:00,spot_15,Spot 15,Empty,2026-09-17T22:21:18.480312+00:00,,,,,,,,
2026-09-18T12:56:24.340319+00:00,spot_16,Spot 16,Empty,2026-09-17T18:54:59.211877+00:00,,,,,,,,
2026-09-18T12:56:24.340319+00:00,spot_17,Spot 17,Empty,2026-09-17T18:54:59.211881+00:00,,,,,,,,
2026-09-18T12:57:13.983006+00:00,spot_1,Spot 1,Empty,2026-09-17T23:15:16.570232+00:00,,,,,,,,
2026-09-18T12:57:13.983006+00:00,spot_2,Spot 2,Empty,2026-09-17T18:54:59.211819+00:00,,,,,,,,
2026-09-18T12:57:13.983006+00:00,spot_3,Spot 3,Empty,2026-09-18T00:58:17.721972+00:00,,,,,,,,
2026-09-18T12:57:13.983006+00:00,spot_4,Spot 4,Empty,2026-09-17T19:31:40.829505+00:00,,,,,,,,
2026-09-18T12:57:13.983006+00:00,spot_5,Spot 5,Empty,2026-09-18T12:38:15.343436+00:00,,,,,,,,
2026-09-18T12:57:13.983006+00:00,spot_6,Spot 6,Empty,2026-09-17T23:08:14.612220+00:00,,,,,,,,
2026-09-18T12:57:13.983006+00:00,spot_7,Spot 7,Empty,2026-09-18T01:01:48.664840+00:00,,,,,,,,
2026-09-18T12:57:13.983006+00:00,spot_8,Spot 8,Empty,2026-09-17T23:59:14.247427+00:00,,,,,,,,
2026-09-18T12:57:13.983006+00:00,spot_9,Spot 9,Occupied,2026-09-18T12:45:18.864376+00:00,170,truck,0.7675356864929199,707,147.21847534179688,311.988525390625,230.04550170898438,353.562255859375
2026-09-18T12:57:13.983006+00:00,spot_10,Spot 10,Empty,2026-09-17T21:34:19.347215+00:00,,,,,,,,
2026-09-18T12:57:13.983006+00:00,spot_11,Spot 11,Empty,2026-09-17T21:39:15.819043+00:00,,,,,,,,
2026-09-18T12:57:13.983006+00:00,spot_12,Spot 12,Empty,2026-09-18T00:30:22.762438+00:00,,,,,,,,
2026-09-18T12:57:13.983006+00:00,spot_13,Spot 13,Empty,2026-09-18T00:56:19.559398+00:00,,,,,,,,
2026-09-18T12:57:13.983006+00:00,spot_14,Spot 14,Empty,2026-09-18T00:39:15.838015+00:00,,,,,,,,
2026-09-18T12:57:13.983006+00:00,spot_15,Spot 15,Empty,2026-09-17T22:21:18.480312+00:00,,,,,,,,
2026-09-18T12:57:13.983006+00:00,spot_16,Spot 16,Empty,2026-09-17T18:54:59.211877+00:00,,,,,,,,
2026-09-18T12:57:13.983006+00:00,spot_17,Spot 17,Empty,2026-09-17T18:54:59.211881+00:00,,,,,,,,
2026-09-18T12:58:14.293402+00:00,spot_1,Spot 1,Empty,2026-09-17T23:15:16.570232+00:00,,,,,,,,
2026-09-18T12:58:14.293402+00:00,spot_2,Spot 2,Empty,2026-09-17T18:54:59.211819+00:00,,,,,,,,
2026-09-18T12:58:14.293402+00:00,spot_3,Spot 3,Empty,2026-09-18T00:58:17.721972+00:00,,,,,,,,
2026-09-18T12:58:14.293402+00:00,spot_4,Spot 4,Empty,2026-09-17T19:31:40.829505+00:00,,,,,,,,
2026-09-18T12:58:14.293402+00:00,spot_5,Spot 5,Empty,2026-09-18T12:38:15.343436+00:00,,,,,,,,
2026-09-18T12:58:14.293402+00:00,spot_6,Spot 6,Empty,2026-09-17T23:08:14.612220+00:00,,,,,,,,
2026-09-18T12:58:14.293402+00:00,spot_7,Spot 7,Empty,2026-09-18T01:01:48.664840+00:00,,,,,,,,
2026-09-18T12:58:14.293402+00:00,spot_8,Spot 8,Empty,2026-09-17T23:59:14.247427+00:00,,,,,,,,
2026-09-18T12:58:14.293402+00:00,spot_9,Spot 9,Occupied,2026-09-18T12:45:18.864376+00:00,170,truck,0.5732048749923706,769,147.52967834472656,311.99449920654297,224.23519897460938,352.7982177734375
2026-09-18T12:58:14.293402+00:00,spot_10,Spot 10,Empty,2026-09-17T21:34:19.347215+00:00,,,,,,,,
2026-09-18T12:58:14.293402+00:00,spot_11,Spot 11,Empty,2026-09-17T21:39:15.819043+00:00,,,,,,,,
2026-09-18T12:58:14.293402+00:00,spot_12,Spot 12,Empty,2026-09-18T00:30:22.762438+00:00,,,,,,,,
2026-09-18T12:58:14.293402+00:00,spot_13,Spot 13,Empty,2026-09-18T00:56:19.559398+00:00,,,,,,,,
2026-09-18T12:58:14.293402+00:00,spot_14,Spot 14,Empty,2026-09-18T00:39:15.838015+00:00,,,,,,,,
2026-09-18T12:58:14.293402+00:00,spot_15,Spot 15,Empty,2026-09-17T22:21:18.480312+00:00,,,,,,,,
2026-09-18T12:58:14.293402+00:00,spot_16,Spot 16,Empty,2026-09-17T18:54:59.211877+00:00,,,,,,,,
2026-09-18T12:58:14.293402+00:00,spot_17,Spot 17,Empty,2026-09-17T18:54:59.211881+00:00,,,,,,,,
2026-09-18T12:59:17.361215+00:00,spot_1,Spot 1,Empty,2026-09-17T23:15:16.570232+00:00,,,,,,,,
2026-09-18T12:59:17.361215+00:00,spot_2,Spot 2,Empty,2026-09-17T18:54:59.211819+00:00,,,,,,,,
2026-09-18T12:59:17.361215+00:00,spot_3,Spot 3,Empty,2026-09-18T00:58:17.721972+00:00,,,,,,,,
2026-09-18T12:59:17.361215+00:00,spot_4,Spot 4,Empty,2026-09-17T19:31:40.829505+00:00,,,,,,,,
2026-09-18T12:59:17.361215+00:00,spot_5,Spot 5,Empty,2026-09-18T12:38:15.343436+00:00,,,,,,,,
2026-09-18T12:59:17.361215+00:00,spot_6,Spot 6,Empty,2026-09-17T23:08:14.612220+00:00,,,,,,,,
2026-09-18T12:59:17.361215+00:00,spot_7,Spot 7,Empty,2026-09-18T01:01:48.664840+00:00,,,,,,,,
2026-09-18T12:59:17.361215+00:00,spot_8,Spot 8,Empty,2026-09-17T23:59:14.247427+00:00,,,,,,,,
2026-09-18T12:59:17.361215+00:00,spot_9,Spot 9,Occupied,2026-09-18T12:45:18.864376+00:00,170,truck,0.5378550291061401,831,146.88861083984375,312.3565673828125,224.65771484375,353.6705322265625
2026-09-18T12:59:17.361215+00:00,spot_10,Spot 10,Empty,2026-09-17T21:34:19.347215+00:00,,,,,,,,
2026-09-18T12:59:17.361215+00:00,spot_11,Spot 11,Empty,2026-09-17T21:39:15.819043+00:00,,,,,,,,
2026-09-18T12:59:17.361215+00:00,spot_12,Spot 12,Empty,2026-09-18T00:30:22.762438+00:00,,,,,,,,
2026-09-18T12:59:17.361215+00:00,spot_13,Spot 13,Empty,2026-09-18T00:56:19.559398+00:00,,,,,,,,
2026-09-18T12:59:17.361215+00:00,spot_14,Spot 14,Empty,2026-09-18T00:39:15.838015+00:00,,,,,,,,
2026-09-18T12:59:17.361215+00:00,spot_15,Spot 15,Empty,2026-09-17T22:21:18.480312+00:00,,,,,,,,
2026-09-18T12:59:17.361215+00:00,spot_16,Spot 16,Empty,2026-09-17T18:54:59.211877+00:00,,,,,,,,
2026-09-18T12:59:17.361215+00:00,spot_17,Spot 17,Empty,2026-09-17T18:54:59.211881+00:00,,,,,,,,
2026-09-18T13:00:34.306439+00:00,spot_1,Spot 1,Empty,2026-09-17T23:15:16.570232+00:00,,,,,,,,
2026-09-18T13:00:34.306439+00:00,spot_2,Spot 2,Empty,2026-09-17T18:54:59.211819+00:00,,,,,,,,
2026-09-18T13:00:34.306439+00:00,spot_3,Spot 3,Empty,2026-09-18T00:58:17.721972+00:00,,,,,,,,
2026-09-18T13:00:34.306439+00:00,spot_4,Spot 4,Empty,2026-09-17T19:31:40.829505+00:00,,,,,,,,
2026-09-18T13:00:34.306439+00:00,spot_5,Spot 5,Empty,2026-09-18T12:38:15.343436+00:00,,,,,,,,
2026-09-18T13:00:34.306439+00:00,spot_6,Spot 6,Empty,2026-09-17T23:08:14.612220+00:00,,,,,,,,
2026-09-18T13:00:34.306439+00:00,spot_7,Spot 7,Empty,2026-09-18T01:01:48.664840+00:00,,,,,,,,
2026-09-18T13:00:34.306439+00:00,spot_8,Spot 8,Empty,2026-09-17T23:59:14.247427+00:00,,,,,,,,
2026-09-18T13:00:34.306439+00:00,spot_9,Spot 9,Occupied,2026-09-18T12:45:18.864376+00:00,170,truck,0.720770001411438,919,146.76226806640625,312.6893615722656,225.3182373046875,354.2524108886719
2026-09-18T13:00:34.306439+00:00,spot_10,Spot 10,Empty,2026-09-17T21:34:19.347215+00:00,,,,,,,,
2026-09-18T13:00:34.306439+00:00,spot_11,Spot 11,Empty,2026-09-17T21:39:15.819043+00:00,,,,,,,,
2026-09-18T13:00:34.306439+00:00,spot_12,Spot 12,Empty,2026-09-18T00:30:22.762438+00:00,,,,,,,,
2026-09-18T13:00:34.306439+00:00,spot_13,Spot 13,Empty,2026-09-18T00:56:19.559398+00:00,,,,,,,,
2026-09-18T13:00:34.306439+00:00,spot_14,Spot 14,Empty,2026-09-18T00:39:15.838015+00:00,,,,,,,,
2026-09-18T13:00:34.306439+00:00,spot_15,Spot 15,Empty,2026-09-17T22:21:18.480312+00:00,,,,,,,,
2026-09-18T13:00:34.306439+00:00,spot_16,Spot 16,Empty,2026-09-17T18:54:59.211877+00:00,,,,,,,,
2026-09-18T13:00:34.306439+00:00,spot_17,Spot 17,Empty,2026-09-17T18:54:59.211881+00:00,,,,,,,,
2026-09-18T13:01:31.189826+00:00,spot_1,Spot 1,Empty,2026-09-17T23:15:16.570232+00:00,,,,,,,,
2026-09-18T13:01:31.189826+00:00,spot_2,Spot 2,Empty,2026-09-17T18:54:59.211819+00:00,,,,,,,,
2026-09-18T13:01:31.189826+00:00,spot_3,Spot 3,Empty,2026-09-18T00:58:17.721972+00:00,,,,,,,,
2026-09-18T13:01:31.189826+00:00,spot_4,Spot 4,Empty,2026-09-17T19:31:40.829505+00:00,,,,,,,,
2026-09-18T13:01:31.189826+00:00,spot_5,Spot 5,Empty,2026-09-18T12:38:15.343436+00:00,,,,,,,,
2026-09-18T13:01:31.189826+00:00,spot_6,Spot 6,Empty,2026-09-17T23:08:14.612220+00:00,,,,,,,,
2026-09-18T13:01:31.189826+00:00,spot_7,Spot 7,Empty,2026-09-18T01:01:48.664840+00:00,,,,,,,,
2026-09-18T13:01:31.189826+00:00,spot_8,Spot 8,Empty,2026-09-17T23:59:14.247427+00:00,,,,,,,,
2026-09-18T13:01:31.189826+00:00,spot_9,Spot 9,Occupied,2026-09-18T12:45:18.864376+00:00,170,car,0.6826739311218262,965,146.84768676757812,313.44921875,230.36660766601562,353.7073974609375
2026-09-18T13:01:31.189826+00:00,spot_10,Spot 10,Empty,2026-09-17T21:34:19.347215+00:00,,,,,,,,
2026-09-18T13:01:31.189826+00:00,spot_11,Spot 11,Empty,2026-09-17T21:39:15.819043+00:00,,,,,,,,
2026-09-18T13:01:31.189826+00:00,spot_12,Spot 12,Empty,2026-09-18T00:30:22.762438+00:00,,,,,,,,
2026-09-18T13:01:31.189826+00:00,spot_13,Spot 13,Empty,2026-09-18T00:56:19.559398+00:00,,,,,,,,
2026-09-18T13:01:31.189826+00:00,spot_14,Spot 14,Empty,2026-09-18T00:39:15.838015+00:00,,,,,,,,
2026-09-18T13:01:31.189826+00:00,spot_15,Spot 15,Empty,2026-09-17T22:21:18.480312+00:00,,,,,,,,
2026-09-18T13:01:31.189826+00:00,spot_16,Spot 16,Occupied,2026-09-18T13:01:31.189826+00:00,171,car,0.828599750995636,0,16.1590576171875,316.645263671875,56.703453063964844,337.53668212890625
2026-09-18T13:01:31.189826+00:00,spot_17,Spot 17,Empty,2026-09-17T18:54:59.211881+00:00,,,,,,,,
2026-09-18T13:02:24.141936+00:00,spot_1,Spot 1,Empty,2026-09-17T23:15:16.570232+00:00,,,,,,,,
2026-09-18T13:02:24.141936+00:00,spot_2,Spot 2,Empty,2026-09-17T18:54:59.211819+00:00,,,,,,,,
2026-09-18T13:02:24.141936+00:00,spot_3,Spot 3,Empty,2026-09-18T00:58:17.721972+00:00,,,,,,,,
2026-09-18T13:02:24.141936+00:00,spot_4,Spot 4,Empty,2026-09-17T19:31:40.829505+00:00,,,,,,,,
2026-09-18T13:02:24.141936+00:00,spot_5,Spot 5,Empty,2026-09-18T12:38:15.343436+00:00,,,,,,,,
2026-09-18T13:02:24.141936+00:00,spot_6,Spot 6,Empty,2026-09-17T23:08:14.612220+00:00,,,,,,,,
2026-09-18T13:02:24.141936+00:00,spot_7,Spot 7,Empty,2026-09-18T01:01:48.664840+00:00,,,,,,,,
2026-09-18T13:02:24.141936+00:00,spot_8,Spot 8,Empty,2026-09-17T23:59:14.247427+00:00,,,,,,,,
2026-09-18T13:02:24.141936+00:00,spot_9,Spot 9,Occupied,2026-09-18T12:45:18.864376+00:00,170,truck,0.5182697772979736,1020,146.63192749023438,313.38043212890625,224.25991821289062,354.10882568359375
2026-09-18T13:02:24.141936+00:00,spot_10,Spot 10,Empty,2026-09-17T21:34:19.347215+00:00,,,,,,,,
2026-09-18T13:02:24.141936+00:00,spot_11,Spot 11,Empty,2026-09-17T21:39:15.819043+00:00,,,,,,,,
2026-09-18T13:02:24.141936+00:00,spot_12,Spot 12,Empty,2026-09-18T00:30:22.762438+00:00,,,,,,,,
2026-09-18T13:02:24.141936+00:00,spot_13,Spot 13,Empty,2026-09-18T00:56:19.559398+00:00,,,,,,,,
2026-09-18T13:02:24.141936+00:00,spot_14,Spot 14,Empty,2026-09-18T00:39:15.838015+00:00,,,,,,,,
2026-09-18T13:02:24.141936+00:00,spot_15,Spot 15,Empty,2026-09-17T22:21:18.480312+00:00,,,,,,,,
2026-09-18T13:02:24.141936+00:00,spot_16,Spot 16,Occupied,2026-09-18T13:01:31.189826+00:00,171,car,0.8109070658683777,54,16.43189239501953,317.1985168457031,56.691261291503906,337.5628967285156
2026-09-18T13:02:24.141936+00:00,spot_17,Spot 17,Empty,2026-09-17T18:54:59.211881+00:00,,,,,,,,
2026-09-18T13:03:12.901153+00:00,spot_1,Spot 1,Empty,2026-09-17T23:15:16.570232+00:00,,,,,,,,
2026-09-18T13:03:12.901153+00:00,spot_2,Spot 2,Empty,2026-09-17T18:54:59.211819+00:00,,,,,,,,
2026-09-18T13:03:12.901153+00:00,spot_3,Spot 3,Empty,2026-09-18T00:58:17.721972+00:00,,,,,,,,
2026-09-18T13:03:12.901153+00:00,spot_4,Spot 4,Empty,2026-09-17T19:31:40.829505+00:00,,,,,,,,
2026-09-18T13:03:12.901153+00:00,spot_5,Spot 5,Empty,2026-09-18T12:38:15.343436+00:00,,,,,,,,
2026-09-18T13:03:12.901153+00:00,spot_6,Spot 6,Empty,2026-09-17T23:08:14.612220+00:00,,,,,,,,
2026-09-18T13:03:12.901153+00:00,spot_7,Spot 7,Empty,2026-09-18T01:01:48.664840+00:00,,,,,,,,
2026-09-18T13:03:12.901153+00:00,spot_8,Spot 8,Empty,2026-09-17T23:59:14.247427+00:00,,,,,,,,
2026-09-18T13:03:12.901153+00:00,spot_9,Spot 9,Occupied,2026-09-18T12:45:18.864376+00:00,170,car,0.5599718689918518,1065,147.26235961914062,314.41522216796875,224.28054809570312,354.30828857421875
2026-09-18T13:03:12.901153+00:00,spot_10,Spot 10,Empty,2026-09-17T21:34:19.347215+00:00,,,,,,,,
2026-09-18T13:03:12.901153+00:00,spot_11,Spot 11,Empty,2026-09-17T21:39:15.819043+00:00,,,,,,,,
2026-09-18T13:03:12.901153+00:00,spot_12,Spot 12,Empty,2026-09-18T00:30:22.762438+00:00,,,,,,,,
2026-09-18T13:03:12.901153+00:00,spot_13,Spot 13,Empty,2026-09-18T00:56:19.559398+00:00,,,,,,,,
2026-09-18T13:03:12.901153+00:00,spot_14,Spot 14,Empty,2026-09-18T00:39:15.838015+00:00,,,,,,,,
2026-09-18T13:03:12.901153+00:00,spot_15,Spot 15,Occupied,2026-09-18T13:03:12.901153+00:00,172,car,0.5105072259902954,0,46.04253005981445,319.8400344848633,56.4946403503418,332.94942474365234
2026-09-18T13:03:12.901153+00:00,spot_16,Spot 16,Occupied,2026-09-18T13:01:31.189826+00:00,171,car,0.7891456484794617,99,16.158567428588867,316.45709228515625,56.95329284667969,337.40093994140625
2026-09-18T13:03:12.901153+00:00,spot_17,Spot 17,Empty,2026-09-17T18:54:59.211881+00:00,,,,,,,,
2026-09-18T13:04:15.048796+00:00,spot_1,Spot 1,Empty,2026-09-17T23:15:16.570232+00:00,,,,,,,,
2026-09-18T13:04:15.048796+00:00,spot_2,Spot 2,Empty,2026-09-17T18:54:59.211819+00:00,,,,,,,,
2026-09-18T13:04:15.048796+00:00,spot_3,Spot 3,Empty,2026-09-18T00:58:17.721972+00:00,,,,,,,,
2026-09-18T13:04:15.048796+00:00,spot_4,Spot 4,Empty,2026-09-17T19:31:40.829505+00:00,,,,,,,,
2026-09-18T13:04:15.048796+00:00,spot_5,Spot 5,Empty,2026-09-18T12:38:15.343436+00:00,,,,,,,,
2026-09-18T13:04:15.048796+00:00,spot_6,Spot 6,Empty,2026-09-17T23:08:14.612220+00:00,,,,,,,,
2026-09-18T13:04:15.048796+00:00,spot_7,Spot 7,Empty,2026-09-18T01:01:48.664840+00:00,,,,,,,,
2026-09-18T13:04:15.048796+00:00,spot_8,Spot 8,Empty,2026-09-17T23:59:14.247427+00:00,,,,,,,,
2026-09-18T13:04:15.048796+00:00,spot_9,Spot 9,Occupied,2026-09-18T12:45:18.864376+00:00,170,car,0.6515703201293945,1130,147.2553253173828,314.4245147705078,223.81675720214844,353.1091766357422
2026-09-18T13:04:15.048796+00:00,spot_10,Spot 10,Empty,2026-09-17T21:34:19.347215+00:00,,,,,,,,
2026-09-18T13:04:15.048796+00:00,spot_11,Spot 11,Empty,2026-09-17T21:39:15.819043+00:00,,,,,,,,
2026-09-18T13:04:15.048796+00:00,spot_12,Spot 12,Empty,2026-09-18T00:30:22.762438+00:00,,,,,,,,
2026-09-18T13:04:15.048796+00:00,spot_13,Spot 13,Empty,2026-09-18T00:56:19.559398+00:00,,,,,,,,
2026-09-18T13:04:15.048796+00:00,spot_14,Spot 14,Empty,2026-09-18T00:39:15.838015+00:00,,,,,,,,
2026-09-18T13:04:15.048796+00:00,spot_15,Spot 15,Empty,2026-09-18T13:04:15.048796+00:00,,,,,,,,
2026-09-18T13:04:15.048796+00:00,spot_16,Spot 16,Occupied,2026-09-18T13:01:31.189826+00:00,171,car,0.8105160593986511,164,16.417098999023438,316.7833251953125,56.517982482910156,337.293701171875
2026-09-18T13:04:15.048796+00:00,spot_17,Spot 17,Empty,2026-09-17T18:54:59.211881+00:00,,,,,,,,
2026-09-18T13:05:16.872837+00:00,spot_1,Spot 1,Empty,2026-09-17T23:15:16.570232+00:00,,,,,,,,
2026-09-18T13:05:16.872837+00:00,spot_2,Spot 2,Empty,2026-09-17T18:54:59.211819+00:00,,,,,,,,
2026-09-18T13:05:16.872837+00:00,spot_3,Spot 3,Empty,2026-09-18T00:58:17.721972+00:00,,,,,,,,
2026-09-18T13:05:16.872837+00:00,spot_4,Spot 4,Empty,2026-09-17T19:31:40.829505+00:00,,,,,,,,
2026-09-18T13:05:16.872837+00:00,spot_5,Spot 5,Empty,2026-09-18T12:38:15.343436+00:00,,,,,,,,
2026-09-18T13:05:16.872837+00:00,spot_6,Spot 6,Empty,2026-09-17T23:08:14.612220+00:00,,,,,,,,
2026-09-18T13:05:16.872837+00:00,spot_7,Spot 7,Empty,2026-09-18T01:01:48.664840+00:00,,,,,,,,
2026-09-18T13:05:16.872837+00:00,spot_8,Spot 8,Empty,2026-09-17T23:59:14.247427+00:00,,,,,,,,
2026-09-18T13:05:16.872837+00:00,spot_9,Spot 9,Occupied,2026-09-18T12:45:18.864376+00:00,170,car,0.7717533111572266,1196,147.33079528808594,313.2302017211914,224.50360107421875,353.03639221191406
2026-09-18T13:05:16.872837+00:00,spot_10,Spot 10,Empty,2026-09-17T21:34:19.347215+00:00,,,,,,,,
2026-09-18T13:05:16.872837+00:00,spot_11,Spot 11,Empty,2026-09-17T21:39:15.819043+00:00,,,,,,,,
2026-09-18T13:05:16.872837+00:00,spot_12,Spot 12,Empty,2026-09-18T00:30:22.762438+00:00,,,,,,,,
2026-09-18T13:05:16.872837+00:00,spot_13,Spot 13,Empty,2026-09-18T00:56:19.559398+00:00,,,,,,,,
2026-09-18T13:05:16.872837+00:00,spot_14,Spot 14,Empty,2026-09-18T00:39:15.838015+00:00,,,,,,,,
2026-09-18T13:05:16.872837+00:00,spot_15,Spot 15,Empty,2026-09-18T13:04:15.048796+00:00,,,,,,,,
2026-09-18T13:05:16.872837+00:00,spot_16,Spot 16,Occupied,2026-09-18T13:01:31.189826+00:00,171,car,0.8494861721992493,230,16.05839729309082,316.5559997558594,56.661041259765625,337.6924743652344
2026-09-18T13:05:16.872837+00:00,spot_17,Spot 17,Empty,2026-09-17T18:54:59.211881+00:00,,,,,,,,
2026-09-18T13:06:27.137919+00:00,spot_1,Spot 1,Empty,2026-09-17T23:15:16.570232+00:00,,,,,,,,
2026-09-18T13:06:27.137919+00:00,spot_2,Spot 2,Empty,2026-09-17T18:54:59.211819+00:00,,,,,,,,
2026-09-18T13:06:27.137919+00:00,spot_3,Spot 3,Empty,2026-09-18T00:58:17.721972+00:00,,,,,,,,
2026-09-18T13:06:27.137919+00:00,spot_4,Spot 4,Empty,2026-09-17T19:31:40.829505+00:00,,,,,,,,
2026-09-18T13:06:27.137919+00:00,spot_5,Spot 5,Empty,2026-09-18T12:38:15.343436+00:00,,,,,,,,
2026-09-18T13:06:27.137919+00:00,spot_6,Spot 6,Empty,2026-09-17T23:08:14.612220+00:00,,,,,,,,
2026-09-18T13:06:27.137919+00:00,spot_7,Spot 7,Empty,2026-09-18T01:01:48.664840+00:00,,,,,,,,
2026-09-18T13:06:27.137919+00:00,spot_8,Spot 8,Empty,2026-09-17T23:59:14.247427+00:00,,,,,,,,
2026-09-18T13:06:27.137919+00:00,spot_9,Spot 9,Occupied,2026-09-18T12:45:18.864376+00:00,170,car,0.7055127024650574,1263,147.1380157470703,312.1777801513672,224.42254638671875,353.0718994140625
2026-09-18T13:06:27.137919+00:00,spot_10,Spot 10,Empty,2026-09-17T21:34:19.347215+00:00,,,,,,,,
2026-09-18T13:06:27.137919+00:00,spot_11,Spot 11,Empty,2026-09-17T21:39:15.819043+00:00,,,,,,,,
2026-09-18T13:06:27.137919+00:00,spot_12,Spot 12,Empty,2026-09-18T00:30:22.762438+00:00,,,,,,,,
2026-09-18T13:06:27.137919+00:00,spot_13,Spot 13,Empty,2026-09-18T00:56:19.559398+00:00,,,,,,,,
2026-09-18T13:06:27.137919+00:00,spot_14,Spot 14,Empty,2026-09-18T00:39:15.838015+00:00,,,,,,,,
2026-09-18T13:06:27.137919+00:00,spot_15,Spot 15,Empty,2026-09-18T13:04:15.048796+00:00,,,,,,,,
2026-09-18T13:06:27.137919+00:00,spot_16,Spot 16,Occupied,2026-09-18T13:01:31.189826+00:00,171,car,0.8596208095550537,297,15.921724319458008,316.86602783203125,56.56697082519531,337.2548828125
2026-09-18T13:06:27.137919+00:00,spot_17,Spot 17,Empty,2026-09-17T18:54:59.211881+00:00,,,,,,,,
2026-09-18T13:07:17.114652+00:00,spot_1,Spot 1,Empty,2026-09-17T23:15:16.570232+00:00,,,,,,,,
2026-09-18T13:07:17.114652+00:00,spot_2,Spot 2,Empty,2026-09-17T18:54:59.211819+00:00,,,,,,,,
2026-09-18T13:07:17.114652+00:00,spot_3,Spot 3,Empty,2026-09-18T00:58:17.721972+00:00,,,,,,,,
2026-09-18T13:07:17.114652+00:00,spot_4,Spot 4,Empty,2026-09-17T19:31:40.829505+00:00,,,,,,,,
2026-09-18T13:07:17.114652+00:00,spot_5,Spot 5,Empty,2026-09-18T12:38:15.343436+00:00,,,,,,,,
2026-09-18T13:07:17.114652+00:00,spot_6,Spot 6,Empty,2026-09-17T23:08:14.612220+00:00,,,,,,,,
2026-09-18T13:07:17.114652+00:00,spot_7,Spot 7,Empty,2026-09-18T01:01:48.664840+00:00,,,,,,,,
2026-09-18T13:07:17.114652+00:00,spot_8,Spot 8,Empty,2026-09-17T23:59:14.247427+00:00,,,,,,,,
2026-09-18T13:07:17.114652+00:00,spot_9,Spot 9,Occupied,2026-09-18T12:45:18.864376+00:00,170,car,0.7417178750038147,1311,147.38916015625,314.2417755126953,223.83094787597656,353.0815124511719
2026-09-18T13:07:17.114652+00:00,spot_10,Spot 10,Empty,2026-09-17T21:34:19.347215+00:00,,,,,,,,
2026-09-18T13:07:17.114652+00:00,spot_11,Spot 11,Empty,2026-09-17T21:39:15.819043+00:00,,,,,,,,
2026-09-18T13:07:17.114652+00:00,spot_12,Spot 12,Empty,2026-09-18T00:30:22.762438+00:00,,,,,,,,
2026-09-18T13:07:17.114652+00:00,spot_13,Spot 13,Empty,2026-09-18T00:56:19.559398+00:00,,,,,,,,
2026-09-18T13:07:17.114652+00:00,spot_14,Spot 14,Empty,2026-09-18T00:39:15.838015+00:00,,,,,,,,
2026-09-18T13:07:17.114652+00:00,spot_15,Spot 15,Empty,2026-09-18T13:04:15.048796+00:00,,,,,,,,
2026-09-18T13:07:17.114652+00:00,spot_16,Spot 16,Occupied,2026-09-18T13:01:31.189826+00:00,171,car,0.8545491099357605,345,16.227622985839844,317.09808349609375,56.44093322753906,337.38653564453125
2026-09-18T13:07:17.114652+00:00,spot_17,Spot 17,Empty,2026-09-17T18:54:59.211881+00:00,,,,,,,,
2026-09-18T13:08:22.227293+00:00,spot_1,Spot 1,Empty,2026-09-17T23:15:16.570232+00:00,,,,,,,,
2026-09-18T13:08:22.227293+00:00,spot_2,Spot 2,Empty,2026-09-17T18:54:59.211819+00:00,,,,,,,,
2026-09-18T13:08:22.227293+00:00,spot_3,Spot 3,Empty,2026-09-18T00:58:17.721972+00:00,,,,,,,,
2026-09-18T13:08:22.227293+00:00,spot_4,Spot 4,Empty,2026-09-17T19:31:40.829505+00:00,,,,,,,,
2026-09-18T13:08:22.227293+00:00,spot_5,Spot 5,Empty,2026-09-18T12:38:15.343436+00:00,,,,,,,,
2026-09-18T13:08:22.227293+00:00,spot_6,Spot 6,Empty,2026-09-17T23:08:14.612220+00:00,,,,,,,,
2026-09-18T13:08:22.227293+00:00,spot_7,Spot 7,Empty,2026-09-18T01:01:48.664840+00:00,,,,,,,,
2026-09-18T13:08:22.227293+00:00,spot_8,Spot 8,Empty,2026-09-17T23:59:14.247427+00:00,,,,,,,,
2026-09-18T13:08:22.227293+00:00,spot_9,Spot 9,Occupied,2026-09-18T12:45:18.864376+00:00,170,car,0.6314120888710022,1378,146.72918701171875,313.9944152832031,224.8101806640625,353.5328674316406
2026-09-18T13:08:22.227293+00:00,spot_10,Spot 10,Empty,2026-09-17T21:34:19.347215+00:00,,,,,,,,
2026-09-18T13:08:22.227293+00:00,spot_11,Spot 11,Empty,2026-09-17T21:39:15.819043+00:00,,,,,,,,
2026-09-18T13:08:22.227293+00:00,spot_12,Spot 12,Empty,2026-09-18T00:30:22.762438+00:00,,,,,,,,
2026-09-18T13:08:22.227293+00:00,spot_13,Spot 13,Empty,2026-09-18T00:56:19.559398+00:00,,,,,,,,
2026-09-18T13:08:22.227293+00:00,spot_14,Spot 14,Empty,2026-09-18T00:39:15.838015+00:00,,,,,,,,
2026-09-18T13:08:22.227293+00:00,spot_15,Spot 15,Occupied,2026-09-18T13:08:22.227293+00:00,173,car,0.42891746759414673,0,45.392791748046875,319.22367095947266,56.242122650146484,333.02911376953125
2026-09-18T13:08:22.227293+00:00,spot_16,Spot 16,Occupied,2026-09-18T13:01:31.189826+00:00,171,car,0.7453018426895142,412,15.854949951171875,317.28680419921875,56.154258728027344,337.30584716796875
2026-09-18T13:08:22.227293+00:00,spot_17,Spot 17,Empty,2026-09-17T18:54:59.211881+00:00,,,,,,,,
2026-09-18T13:09:18.262956+00:00,spot_1,Spot 1,Empty,2026-09-17T23:15:16.570232+00:00,,,,,,,,
2026-09-18T13:09:18.262956+00:00,spot_2,Spot 2,Empty,2026-09-17T18:54:59.211819+00:00,,,,,,,,
2026-09-18T13:09:18.262956+00:00,spot_3,Spot 3,Empty,2026-09-18T00:58:17.721972+00:00,,,,,,,,
2026-09-18T13:09:18.262956+00:00,spot_4,Spot 4,Empty,2026-09-17T19:31:40.829505+00:00,,,,,,,,
2026-09-18T13:09:18.262956+00:00,spot_5,Spot 5,Empty,2026-09-18T12:38:15.343436+00:00,,,,,,,,
2026-09-18T13:09:18.262956+00:00,spot_6,Spot 6,Empty,2026-09-17T23:08:14.612220+00:00,,,,,,,,
2026-09-18T13:09:18.262956+00:00,spot_7,Spot 7,Empty,2026-09-18T01:01:48.664840+00:00,,,,,,,,
2026-09-18T13:09:18.262956+00:00,spot_8,Spot 8,Empty,2026-09-17T23:59:14.247427+00:00,,,,,,,,
2026-09-18T13:09:18.262956+00:00,spot_9,Spot 9,Occupied,2026-09-18T12:45:18.864376+00:00,170,car,0.5818918347358704,1433,147.486572265625,312.99320220947266,224.81504821777344,353.0562438964844
2026-09-18T13:09:18.262956+00:00,spot_10,Spot 10,Empty,2026-09-17T21:34:19.347215+00:00,,,,,,,,
2026-09-18T13:09:18.262956+00:00,spot_11,Spot 11,Empty,2026-09-17T21:39:15.819043+00:00,,,,,,,,
2026-09-18T13:09:18.262956+00:00,spot_12,Spot 12,Empty,2026-09-18T00:30:22.762438+00:00,,,,,,,,
2026-09-18T13:09:18.262956+00:00,spot_13,Spot 13,Empty,2026-09-18T00:56:19.559398+00:00,,,,,,,,
2026-09-18T13:09:18.262956+00:00,spot_14,Spot 14,Empty,2026-09-18T00:39:15.838015+00:00,,,,,,,,
2026-09-18T13:09:18.262956+00:00,spot_15,Spot 15,Empty,2026-09-18T13:09:18.262956+00:00,,,,,,,,
2026-09-18T13:09:18.262956+00:00,spot_16,Spot 16,Occupied,2026-09-18T13:01:31.189826+00:00,171,car,0.7754326462745667,467,16.111343383789062,316.91461181640625,56.70796203613281,337.22039794921875
2026-09-18T13:09:18.262956+00:00,spot_17,Spot 17,Empty,2026-09-17T18:54:59.211881+00:00,,,,,,,,
2026-09-18T13:10:21.998840+00:00,spot_1,Spot 1,Empty,2026-09-17T23:15:16.570232+00:00,,,,,,,,
2026-09-18T13:10:21.998840+00:00,spot_2,Spot 2,Empty,2026-09-17T18:54:59.211819+00:00,,,,,,,,
2026-09-18T13:10:21.998840+00:00,spot_3,Spot 3,Empty,2026-09-18T00:58:17.721972+00:00,,,,,,,,
2026-09-18T13:10:21.998840+00:00,spot_4,Spot 4,Empty,2026-09-17T19:31:40.829505+00:00,,,,,,,,
2026-09-18T13:10:21.998840+00:00,spot_5,Spot 5,Empty,2026-09-18T12:38:15.343436+00:00,,,,,,,,
2026-09-18T13:10:21.998840+00:00,spot_6,Spot 6,Empty,2026-09-17T23:08:14.612220+00:00,,,,,,,,
2026-09-18T13:10:21.998840+00:00,spot_7,Spot 7,Empty,2026-09-18T01:01:48.664840+00:00,,,,,,,,
2026-09-18T13:10:21.998840+00:00,spot_8,Spot 8,Empty,2026-09-17T23:59:14.247427+00:00,,,,,,,,
2026-09-18T13:10:21.998840+00:00,spot_9,Spot 9,Occupied,2026-09-18T12:45:18.864376+00:00,170,truck,0.576490044593811,1508,147.5802459716797,313.6951141357422,224.4664764404297,353.0673065185547
2026-09-18T13:10:21.998840+00:00,spot_10,Spot 10,Occupied,2026-09-18T13:10:21.998840+00:00,174,car,0.17574520409107208,0,147.66087341308594,320.1933822631836,180.7156219482422,352.8009033203125
2026-09-18T13:10:21.998840+00:00,spot_11,Spot 11,Empty,2026-09-17T21:39:15.819043+00:00,,,,,,,,
2026-09-18T13:10:21.998840+00:00,spot_12,Spot 12,Empty,2026-09-18T00:30:22.762438+00:00,,,,,,,,
2026-09-18T13:10:21.998840+00:00,spot_13,Spot 13,Empty,2026-09-18T00:56:19.559398+00:00,,,,,,,,
2026-09-18T13:10:21.998840+00:00,spot_14,Spot 14,Empty,2026-09-18T00:39:15.838015+00:00,,,,,,,,
2026-09-18T13:10:21.998840+00:00,spot_15,Spot 15,Empty,2026-09-18T13:09:18.262956+00:00,,,,,,,,
2026-09-18T13:10:21.998840+00:00,spot_16,Spot 16,Occupied,2026-09-18T13:01:31.189826+00:00,171,car,0.8347787857055664,542,16.457923889160156,317.17293548583984,56.41395568847656,336.5222396850586
2026-09-18T13:10:21.998840+00:00,spot_17,Spot 17,Empty,2026-09-17T18:54:59.211881+00:00,,,,,,,,
2026-09-18T13:11:18.094077+00:00,spot_1,Spot 1,Empty,2026-09-17T23:15:16.570232+00:00,,,,,,,,
2026-09-18T13:11:18.094077+00:00,spot_2,Spot 2,Empty,2026-09-17T18:54:59.211819+00:00,,,,,,,,
2026-09-18T13:11:18.094077+00:00,spot_3,Spot 3,Empty,2026-09-18T00:58:17.721972+00:00,,,,,,,,
2026-09-18T13:11:18.094077+00:00,spot_4,Spot 4,Empty,2026-09-17T19:31:40.829505+00:00,,,,,,,,
2026-09-18T13:11:18.094077+00:00,spot_5,Spot 5,Empty,2026-09-18T12:38:15.343436+00:00,,,,,,,,
2026-09-18T13:11:18.094077+00:00,spot_6,Spot 6,Empty,2026-09-17T23:08:14.612220+00:00,,,,,,,,
2026-09-18T13:11:18.094077+00:00,spot_7,Spot 7,Empty,2026-09-18T01:01:48.664840+00:00,,,,,,,,
2026-09-18T13:11:18.094077+00:00,spot_8,Spot 8,Empty,2026-09-17T23:59:14.247427+00:00,,,,,,,,
2026-09-18T13:11:18.094077+00:00,spot_9,Spot 9,Occupied,2026-09-18T12:45:18.864376+00:00,170,car,0.6559845209121704,1553,147.0947265625,313.95166015625,224.43331909179688,353.8145751953125
2026-09-18T13:11:18.094077+00:00,spot_10,Spot 10,Empty,2026-09-18T13:11:18.094077+00:00,,,,,,,,
2026-09-18T13:11:18.094077+00:00,spot_11,Spot 11,Empty,2026-09-17T21:39:15.819043+00:00,,,,,,,,
2026-09-18T13:11:18.094077+00:00,spot_12,Spot 12,Empty,2026-09-18T00:30:22.762438+00:00,,,,,,,,
2026-09-18T13:11:18.094077+00:00,spot_13,Spot 13,Empty,2026-09-18T00:56:19.559398+00:00,,,,,,,,
2026-09-18T13:11:18.094077+00:00,spot_14,Spot 14,Empty,2026-09-18T00:39:15.838015+00:00,,,,,,,,
2026-09-18T13:11:18.094077+00:00,spot_15,Spot 15,Empty,2026-09-18T13:09:18.262956+00:00,,,,,,,,
2026-09-18T13:11:18.094077+00:00,spot_16,Spot 16,Occupied,2026-09-18T13:01:31.189826+00:00,171,car,0.7902025580406189,587,15.959489822387695,317.080322265625,56.431182861328125,337.3006591796875
2026-09-18T13:11:18.094077+00:00,spot_17,Spot 17,Empty,2026-09-17T18:54:59.211881+00:00,,,,,,,,
2026-09-18T13:12:15.900365+00:00,spot_1,Spot 1,Empty,2026-09-17T23:15:16.570232+00:00,,,,,,,,
2026-09-18T13:12:15.900365+00:00,spot_2,Spot 2,Empty,2026-09-17T18:54:59.211819+00:00,,,,,,,,
2026-09-18T13:12:15.900365+00:00,spot_3,Spot 3,Empty,2026-09-18T00:58:17.721972+00:00,,,,,,,,
2026-09-18T13:12:15.900365+00:00,spot_4,Spot 4,Empty,2026-09-17T19:31:40.829505+00:00,,,,,,,,
2026-09-18T13:12:15.900365+00:00,spot_5,Spot 5,Empty,2026-09-18T12:38:15.343436+00:00,,,,,,,,
2026-09-18T13:12:15.900365+00:00,spot_6,Spot 6,Empty,2026-09-17T23:08:14.612220+00:00,,,,,,,,
2026-09-18T13:12:15.900365+00:00,spot_7,Spot 7,Empty,2026-09-18T01:01:48.664840+00:00,,,,,,,,
2026-09-18T13:12:15.900365+00:00,spot_8,Spot 8,Empty,2026-09-17T23:59:14.247427+00:00,,,,,,,,
2026-09-18T13:12:15.900365+00:00,spot_9,Spot 9,Occupied,2026-09-18T12:45:18.864376+00:00,170,car,0.6044096350669861,1611,146.73052978515625,313.295166015625,224.0001220703125,354.125732421875
2026-09-18T13:12:15.900365+00:00,spot_10,Spot 10,Empty,2026-09-18T13:11:18.094077+00:00,,,,,,,,
2026-09-18T13:12:15.900365+00:00,spot_11,Spot 11,Empty,2026-09-17T21:39:15.819043+00:00,,,,,,,,
2026-09-18T13:12:15.900365+00:00,spot_12,Spot 12,Empty,2026-09-18T00:30:22.762438+00:00,,,,,,,,
2026-09-18T13:12:15.900365+00:00,spot_13,Spot 13,Empty,2026-09-18T00:56:19.559398+00:00,,,,,,,,
2026-09-18T13:12:15.900365+00:00,spot_14,Spot 14,Empty,2026-09-18T00:39:15.838015+00:00,,,,,,,,
2026-09-18T13:12:15.900365+00:00,spot_15,Spot 15,Empty,2026-09-18T13:09:18.262956+00:00,,,,,,,,
2026-09-18T13:12:15.900365+00:00,spot_16,Spot 16,Occupied,2026-09-18T13:01:31.189826+00:00,171,car,0.8414206504821777,645,16.46500015258789,317.2502136230469,56.5922966003418,337.1639099121094
2026-09-18T13:12:15.900365+00:00,spot_17,Spot 17,Empty,2026-09-17T18:54:59.211881+00:00,,,,,,,,
2026-09-18T13:13:12.816692+00:00,spot_1,Spot 1,Empty,2026-09-17T23:15:16.570232+00:00,,,,,,,,
2026-09-18T13:13:12.816692+00:00,spot_2,Spot 2,Empty,2026-09-17T18:54:59.211819+00:00,,,,,,,,
2026-09-18T13:13:12.816692+00:00,spot_3,Spot 3,Empty,2026-09-18T00:58:17.721972+00:00,,,,,,,,
2026-09-18T13:13:12.816692+00:00,spot_4,Spot 4,Empty,2026-09-17T19:31:40.829505+00:00,,,,,,,,
2026-09-18T13:13:12.816692+00:00,spot_5,Spot 5,Empty,2026-09-18T12:38:15.343436+00:00,,,,,,,,
2026-09-18T13:13:12.816692+00:00,spot_6,Spot 6,Empty,2026-09-17T23:08:14.612220+00:00,,,,,,,,
2026-09-18T13:13:12.816692+00:00,spot_7,Spot 7,Empty,2026-09-18T01:01:48.664840+00:00,,,,,,,,
2026-09-18T13:13:12.816692+00:00,spot_8,Spot 8,Empty,2026-09-17T23:59:14.247427+00:00,,,,,,,,
2026-09-18T13:13:12.816692+00:00,spot_9,Spot 9,Occupied,2026-09-18T12:45:18.864376+00:00,170,car,0.5752657651901245,1666,147.15914916992188,314.5572814941406,224.71534729003906,352.9283752441406
2026-09-18T13:13:12.816692+00:00,spot_10,Spot 10,Empty,2026-09-18T13:11:18.094077+00:00,,,,,,,,
2026-09-18T13:13:12.816692+00:00,spot_11,Spot 11,Empty,2026-09-17T21:39:15.819043+00:00,,,,,,,,
2026-09-18T13:13:12.816692+00:00,spot_12,Spot 12,Empty,2026-09-18T00:30:22.762438+00:00,,,,,,,,
2026-09-18T13:13:12.816692+00:00,spot_13,Spot 13,Empty,2026-09-18T00:56:19.559398+00:00,,,,,,,,
2026-09-18T13:13:12.816692+00:00,spot_14,Spot 14,Empty,2026-09-18T00:39:15.838015+00:00,,,,,,,,
2026-09-18T13:13:12.816692+00:00,spot_15,Spot 15,Empty,2026-09-18T13:09:18.262956+00:00,,,,,,,,
2026-09-18T13:13:12.816692+00:00,spot_16,Spot 16,Occupied,2026-09-18T13:01:31.189826+00:00,171,car,0.8009198904037476,700,16.146493911743164,317.0982360839844,56.463340759277344,337.3679504394531
2026-09-18T13:13:12.816692+00:00,spot_17,Spot 17,Empty,2026-09-17T18:54:59.211881+00:00,,,,,,,,
2026-09-18T13:14:16.461388+00:00,spot_1,Spot 1,Empty,2026-09-17T23:15:16.570232+00:00,,,,,,,,
2026-09-18T13:14:16.461388+00:00,spot_2,Spot 2,Empty,2026-09-17T18:54:59.211819+00:00,,,,,,,,
2026-09-18T13:14:16.461388+00:00,spot_3,Spot 3,Empty,2026-09-18T00:58:17.721972+00:00,,,,,,,,
2026-09-18T13:14:16.461388+00:00,spot_4,Spot 4,Empty,2026-09-17T19:31:40.829505+00:00,,,,,,,,
2026-09-18T13:14:16.461388+00:00,spot_5,Spot 5,Empty,2026-09-18T12:38:15.343436+00:00,,,,,,,,
2026-09-18T13:14:16.461388+00:00,spot_6,Spot 6,Empty,2026-09-17T23:08:14.612220+00:00,,,,,,,,
2026-09-18T13:14:16.461388+00:00,spot_7,Spot 7,Empty,2026-09-18T01:01:48.664840+00:00,,,,,,,,
2026-09-18T13:14:16.461388+00:00,spot_8,Spot 8,Empty,2026-09-17T23:59:14.247427+00:00,,,,,,,,
2026-09-18T13:14:16.461388+00:00,spot_9,Spot 9,Occupied,2026-09-18T12:45:18.864376+00:00,170,truck,0.5030540823936462,1732,147.20986938476562,313.63092041015625,224.52621459960938,353.86895751953125
2026-09-18T13:14:16.461388+00:00,spot_10,Spot 10,Occupied,2026-09-18T13:14:16.461388+00:00,175,car,0.2904410660266876,0,147.3788299560547,321.976318359375,180.19647216796875,353.19134521484375
2026-09-18T13:14:16.461388+00:00,spot_11,Spot 11,Empty,2026-09-17T21:39:15.819043+00:00,,,,,,,,
2026-09-18T13:14:16.461388+00:00,spot_12,Spot 12,Empty,2026-09-18T00:30:22.762438+00:00,,,,,,,,
2026-09-18T13:14:16.461388+00:00,spot_13,Spot 13,Empty,2026-09-18T00:56:19.559398+00:00,,,,,,,,
2026-09-18T13:14:16.461388+00:00,spot_14,Spot 14,Empty,2026-09-18T00:39:15.838015+00:00,,,,,,,,
2026-09-18T13:14:16.461388+00:00,spot_15,Spot 15,Empty,2026-09-18T13:09:18.262956+00:00,,,,,,,,
2026-09-18T13:14:16.461388+00:00,spot_16,Spot 16,Occupied,2026-09-18T13:01:31.189826+00:00,171,car,0.7646070122718811,767,19.60844612121582,316.51778411865234,56.1153450012207,336.86859130859375
2026-09-18T13:14:16.461388+00:00,spot_17,Spot 17,Empty,2026-09-17T18:54:59.211881+00:00,,,,,,,,
2026-09-18T13:15:20.786938+00:00,spot_1,Spot 1,Empty,2026-09-17T23:15:16.570232+00:00,,,,,,,,
2026-09-18T13:15:20.786938+00:00,spot_2,Spot 2,Empty,2026-09-17T18:54:59.211819+00:00,,,,,,,,
2026-09-18T13:15:20.786938+00:00,spot_3,Spot 3,Empty,2026-09-18T00:58:17.721972+00:00,,,,,,,,
2026-09-18T13:15:20.786938+00:00,spot_4,Spot 4,Empty,2026-09-17T19:31:40.829505+00:00,,,,,,,,
2026-09-18T13:15:20.786938+00:00,spot_5,Spot 5,Empty,2026-09-18T12:38:15.343436+00:00,,,,,,,,
2026-09-18T13:15:20.786938+00:00,spot_6,Spot 6,Empty,2026-09-17T23:08:14.612220+00:00,,,,,,,,
2026-09-18T13:15:20.786938+00:00,spot_7,Spot 7,Empty,2026-09-18T01:01:48.664840+00:00,,,,,,,,
2026-09-18T13:15:20.786938+00:00,spot_8,Spot 8,Empty,2026-09-17T23:59:14.247427+00:00,,,,,,,,
2026-09-18T13:15:20.786938+00:00,spot_9,Spot 9,Occupied,2026-09-18T12:45:18.864376+00:00,170,truck,0.5834133625030518,1802,147.61029052734375,314.9951171875,224.23617553710938,353.46461486816406
2026-09-18T13:15:20.786938+00:00,spot_10,Spot 10,Empty,2026-09-18T13:15:20.786938+00:00,,,,,,,,
2026-09-18T13:15:20.786938+00:00,spot_11,Spot 11,Empty,2026-09-17T21:39:15.819043+00:00,,,,,,,,
2026-09-18T13:15:20.786938+00:00,spot_12,Spot 12,Empty,2026-09-18T00:30:22.762438+00:00,,,,,,,,
2026-09-18T13:15:20.786938+00:00,spot_13,Spot 13,Empty,2026-09-18T00:56:19.559398+00:00,,,,,,,,
2026-09-18T13:15:20.786938+00:00,spot_14,Spot 14,Empty,2026-09-18T00:39:15.838015+00:00,,,,,,,,
2026-09-18T13:15:20.786938+00:00,spot_15,Spot 15,Empty,2026-09-18T13:09:18.262956+00:00,,,,,,,,
2026-09-18T13:15:20.786938+00:00,spot_16,Spot 16,Occupied,2026-09-18T13:01:31.189826+00:00,171,car,0.8374571204185486,836,16.235265731811523,316.9090270996094,56.59436798095703,337.4576110839844
2026-09-18T13:15:20.786938+00:00,spot_17,Spot 17,Empty,2026-09-17T18:54:59.211881+00:00,,,,,,,,
2026-09-18T13:16:23.044398+00:00,spot_1,Spot 1,Empty,2026-09-17T23:15:16.570232+00:00,,,,,,,,
2026-09-18T13:16:23.044398+00:00,spot_2,Spot 2,Empty,2026-09-17T18:54:59.211819+00:00,,,,,,,,
2026-09-18T13:16:23.044398+00:00,spot_3,Spot 3,Empty,2026-09-18T00:58:17.721972+00:00,,,,,,,,
2026-09-18T13:16:23.044398+00:00,spot_4,Spot 4,Empty,2026-09-17T19:31:40.829505+00:00,,,,,,,,
2026-09-18T13:16:23.044398+00:00,spot_5,Spot 5,Empty,2026-09-18T12:38:15.343436+00:00,,,,,,,,
2026-09-18T13:16:23.044398+00:00,spot_6,Spot 6,Empty,2026-09-17T23:08:14.612220+00:00,,,,,,,,
2026-09-18T13:16:23.044398+00:00,spot_7,Spot 7,Empty,2026-09-18T01:01:48.664840+00:00,,,,,,,,
2026-09-18T13:16:23.044398+00:00,spot_8,Spot 8,Empty,2026-09-17T23:59:14.247427+00:00,,,,,,,,
2026-09-18T13:16:23.044398+00:00,spot_9,Spot 9,Occupied,2026-09-18T12:45:18.864376+00:00,170,truck,0.5829411149024963,1859,147.43609619140625,312.6301727294922,224.20359802246094,353.44708251953125
2026-09-18T13:16:23.044398+00:00,spot_10,Spot 10,Empty,2026-09-18T13:15:20.786938+00:00,,,,,,,,
2026-09-18T13:16:23.044398+00:00,spot_11,Spot 11,Empty,2026-09-17T21:39:15.819043+00:00,,,,,,,,
2026-09-18T13:16:23.044398+00:00,spot_12,Spot 12,Empty,2026-09-18T00:30:22.762438+00:00,,,,,,,,
2026-09-18T13:16:23.044398+00:00,spot_13,Spot 13,Empty,2026-09-18T00:56:19.559398+00:00,,,,,,,,
2026-09-18T13:16:23.044398+00:00,spot_14,Spot 14,Empty,2026-09-18T00:39:15.838015+00:00,,,,,,,,
2026-09-18T13:16:23.044398+00:00,spot_15,Spot 15,Occupied,2026-09-18T13:16:23.044398+00:00,176,car,0.36792805790901184,0,45.63571548461914,319.4672546386719,56.34157180786133,333.24308013916016
2026-09-18T13:16:23.044398+00:00,spot_16,Spot 16,Occupied,2026-09-18T13:01:31.189826+00:00,171,car,0.819571316242218,893,16.500490188598633,316.885986328125,56.56770324707031,337.3128662109375
2026-09-18T13:16:23.044398+00:00,spot_17,Spot 17,Empty,2026-09-17T18:54:59.211881+00:00,,,,,,,,
2026-09-18T13:17:15.509696+00:00,spot_1,Spot 1,Empty,2026-09-17T23:15:16.570232+00:00,,,,,,,,
2026-09-18T13:17:15.509696+00:00,spot_2,Spot 2,Empty,2026-09-17T18:54:59.211819+00:00,,,,,,,,
2026-09-18T13:17:15.509696+00:00,spot_3,Spot 3,Empty,2026-09-18T00:58:17.721972+00:00,,,,,,,,
2026-09-18T13:17:15.509696+00:00,spot_4,Spot 4,Empty,2026-09-17T19:31:40.829505+00:00,,,,,,,,
2026-09-18T13:17:15.509696+00:00,spot_5,Spot 5,Empty,2026-09-18T12:38:15.343436+00:00,,,,,,,,
2026-09-18T13:17:15.509696+00:00,spot_6,Spot 6,Empty,2026-09-17T23:08:14.612220+00:00,,,,,,,,
2026-09-18T13:17:15.509696+00:00,spot_7,Spot 7,Empty,2026-09-18T01:01:48.664840+00:00,,,,,,,,
2026-09-18T13:17:15.509696+00:00,spot_8,Spot 8,Empty,2026-09-17T23:59:14.247427+00:00,,,,,,,,
2026-09-18T13:17:15.509696+00:00,spot_9,Spot 9,Occupied,2026-09-18T12:45:18.864376+00:00,170,car,0.5722428560256958,1908,147.4217529296875,314.40234375,223.00750732421875,353.8807373046875
2026-09-18T13:17:15.509696+00:00,spot_10,Spot 10,Empty,2026-09-18T13:15:20.786938+00:00,,,,,,,,
2026-09-18T13:17:15.509696+00:00,spot_11,Spot 11,Empty,2026-09-17T21:39:15.819043+00:00,,,,,,,,
2026-09-18T13:17:15.509696+00:00,spot_12,Spot 12,Empty,2026-09-18T00:30:22.762438+00:00,,,,,,,,
2026-09-18T13:17:15.509696+00:00,spot_13,Spot 13,Empty,2026-09-18T00:56:19.559398+00:00,,,,,,,,
2026-09-18T13:17:15.509696+00:00,spot_14,Spot 14,Empty,2026-09-18T00:39:15.838015+00:00,,,,,,,,
2026-09-18T13:17:15.509696+00:00,spot_15,Spot 15,Empty,2026-09-18T13:17:15.509696+00:00,,,,,,,,
2026-09-18T13:17:15.509696+00:00,spot_16,Spot 16,Occupied,2026-09-18T13:01:31.189826+00:00,171,car,0.8390467166900635,942,16.75151824951172,317.1287841796875,56.401023864746094,337.5213623046875
2026-09-18T13:17:15.509696+00:00,spot_17,Spot 17,Empty,2026-09-17T18:54:59.211881+00:00,,,,,,,,
2026-09-18T13:18:14.398799+00:00,spot_1,Spot 1,Empty,2026-09-17T23:15:16.570232+00:00,,,,,,,,
2026-09-18T13:18:14.398799+00:00,spot_2,Spot 2,Empty,2026-09-17T18:54:59.211819+00:00,,,,,,,,
2026-09-18T13:18:14.398799+00:00,spot_3,Spot 3,Empty,2026-09-18T00:58:17.721972+00:00,,,,,,,,
2026-09-18T13:18:14.398799+00:00,spot_4,Spot 4,Empty,2026-09-17T19:31:40.829505+00:00,,,,,,,,
2026-09-18T13:18:14.398799+00:00,spot_5,Spot 5,Empty,2026-09-18T12:38:15.343436+00:00,,,,,,,,
2026-09-18T13:18:14.398799+00:00,spot_6,Spot 6,Empty,2026-09-17T23:08:14.612220+00:00,,,,,,,,
2026-09-18T13:18:14.398799+00:00,spot_7,Spot 7,Empty,2026-09-18T01:01:48.664840+00:00,,,,,,,,
2026-09-18T13:18:14.398799+00:00,spot_8,Spot 8,Empty,2026-09-17T23:59:14.247427+00:00,,,,,,,,
2026-09-18T13:18:14.398799+00:00,spot_9,Spot 9,Occupied,2026-09-18T12:45:18.864376+00:00,170,car,0.6772526502609253,1971,146.64923095703125,313.5188903808594,224.50030517578125,353.5883483886719
2026-09-18T13:18:14.398799+00:00,spot_10,Spot 10,Empty,2026-09-18T13:15:20.786938+00:00,,,,,,,,
2026-09-18T13:18:14.398799+00:00,spot_11,Spot 11,Empty,2026-09-17T21:39:15.819043+00:00,,,,,,,,
2026-09-18T13:18:14.398799+00:00,spot_12,Spot 12,Empty,2026-09-18T00:30:22.762438+00:00,,,,,,,,
2026-09-18T13:18:14.398799+00:00,spot_13,Spot 13,Empty,2026-09-18T00:56:19.559398+00:00,,,,,,,,
2026-09-18T13:18:14.398799+00:00,spot_14,Spot 14,Empty,2026-09-18T00:39:15.838015+00:00,,,,,,,,
2026-09-18T13:18:14.398799+00:00,spot_15,Spot 15,Empty,2026-09-18T13:17:15.509696+00:00,,,,,,,,
2026-09-18T13:18:14.398799+00:00,spot_16,Spot 16,Occupied,2026-09-18T13:01:31.189826+00:00,171,car,0.8656426668167114,1005,16.410663604736328,316.6189422607422,56.38471221923828,336.6322021484375
2026-09-18T13:18:14.398799+00:00,spot_17,Spot 17,Empty,2026-09-17T18:54:59.211881+00:00,,,,,,,,
2026-09-18T13:19:16.483494+00:00,spot_1,Spot 1,Empty,2026-09-17T23:15:16.570232+00:00,,,,,,,,
2026-09-18T13:19:16.483494+00:00,spot_2,Spot 2,Empty,2026-09-17T18:54:59.211819+00:00,,,,,,,,
2026-09-18T13:19:16.483494+00:00,spot_3,Spot 3,Empty,2026-09-18T00:58:17.721972+00:00,,,,,,,,
2026-09-18T13:19:16.483494+00:00,spot_4,Spot 4,Empty,2026-09-17T19:31:40.829505+00:00,,,,,,,,
2026-09-18T13:19:16.483494+00:00,spot_5,Spot 5,Empty,2026-09-18T12:38:15.343436+00:00,,,,,,,,
2026-09-18T13:19:16.483494+00:00,spot_6,Spot 6,Empty,2026-09-17T23:08:14.612220+00:00,,,,,,,,
2026-09-18T13:19:16.483494+00:00,spot_7,Spot 7,Empty,2026-09-18T01:01:48.664840+00:00,,,,,,,,
2026-09-18T13:19:16.483494+00:00,spot_8,Spot 8,Empty,2026-09-17T23:59:14.247427+00:00,,,,,,,,
2026-09-18T13:19:16.483494+00:00,spot_9,Spot 9,Occupied,2026-09-18T12:45:18.864376+00:00,170,truck,0.5590291023254395,2029,147.43434143066406,315.1657028198242,223.96270751953125,353.07618713378906
2026-09-18T13:19:16.483494+00:00,spot_10,Spot 10,Empty,2026-09-18T13:15:20.786938+00:00,,,,,,,,
2026-09-18T13:19:16.483494+00:00,spot_11,Spot 11,Empty,2026-09-17T21:39:15.819043+00:00,,,,,,,,
2026-09-18T13:19:16.483494+00:00,spot_12,Spot 12,Empty,2026-09-18T00:30:22.762438+00:00,,,,,,,,
2026-09-18T13:19:16.483494+00:00,spot_13,Spot 13,Empty,2026-09-18T00:56:19.559398+00:00,,,,,,,,
2026-09-18T13:19:16.483494+00:00,spot_14,Spot 14,Empty,2026-09-18T00:39:15.838015+00:00,,,,,,,,
2026-09-18T13:19:16.483494+00:00,spot_15,Spot 15,Empty,2026-09-18T13:17:15.509696+00:00,,,,,,,,
2026-09-18T13:19:16.483494+00:00,spot_16,Spot 16,Occupied,2026-09-18T13:01:31.189826+00:00,171,car,0.8542344570159912,1063,16.403310775756836,316.4990692138672,56.31937026977539,336.55474853515625
2026-09-18T13:19:16.483494+00:00,spot_17,Spot 17,Empty,2026-09-17T18:54:59.211881+00:00,,,,,,,,
2026-09-18T13:20:20.507910+00:00,spot_1,Spot 1,Empty,2026-09-17T23:15:16.570232+00:00,,,,,,,,
2026-09-18T13:20:20.507910+00:00,spot_2,Spot 2,Empty,2026-09-17T18:54:59.211819+00:00,,,,,,,,
2026-09-18T13:20:20.507910+00:00,spot_3,Spot 3,Empty,2026-09-18T00:58:17.721972+00:00,,,,,,,,
2026-09-18T13:20:20.507910+00:00,spot_4,Spot 4,Empty,2026-09-17T19:31:40.829505+00:00,,,,,,,,
2026-09-18T13:20:20.507910+00:00,spot_5,Spot 5,Empty,2026-09-18T12:38:15.343436+00:00,,,,,,,,
2026-09-18T13:20:20.507910+00:00,spot_6,Spot 6,Empty,2026-09-17T23:08:14.612220+00:00,,,,,,,,
2026-09-18T13:20:20.507910+00:00,spot_7,Spot 7,Empty,2026-09-18T01:01:48.664840+00:00,,,,,,,,
2026-09-18T13:20:20.507910+00:00,spot_8,Spot 8,Empty,2026-09-17T23:59:14.247427+00:00,,,,,,,,
2026-09-18T13:20:20.507910+00:00,spot_9,Spot 9,Occupied,2026-09-18T12:45:18.864376+00:00,170,truck,0.5817702412605286,2105,147.69764709472656,314.3428497314453,223.50323486328125,352.8259582519531
2026-09-18T13:20:20.507910+00:00,spot_10,Spot 10,Empty,2026-09-18T13:15:20.786938+00:00,,,,,,,,
2026-09-18T13:20:20.507910+00:00,spot_11,Spot 11,Empty,2026-09-17T21:39:15.819043+00:00,,,,,,,,
2026-09-18T13:20:20.507910+00:00,spot_12,Spot 12,Empty,2026-09-18T00:30:22.762438+00:00,,,,,,,,
2026-09-18T13:20:20.507910+00:00,spot_13,Spot 13,Empty,2026-09-18T00:56:19.559398+00:00,,,,,,,,
2026-09-18T13:20:20.507910+00:00,spot_14,Spot 14,Empty,2026-09-18T00:39:15.838015+00:00,,,,,,,,
2026-09-18T13:20:20.507910+00:00,spot_15,Spot 15,Empty,2026-09-18T13:17:15.509696+00:00,,,,,,,,
2026-09-18T13:20:20.507910+00:00,spot_16,Spot 16,Occupied,2026-09-18T13:01:31.189826+00:00,171,car,0.8341008424758911,1139,15.975992202758789,316.8338623046875,56.591461181640625,337.40240478515625
2026-09-18T13:20:20.507910+00:00,spot_17,Spot 17,Empty,2026-09-17T18:54:59.211881+00:00,,,,,,,,
2026-09-18T13:21:18.053483+00:00,spot_1,Spot 1,Empty,2026-09-17T23:15:16.570232+00:00,,,,,,,,
2026-09-18T13:21:18.053483+00:00,spot_2,Spot 2,Empty,2026-09-17T18:54:59.211819+00:00,,,,,,,,
2026-09-18T13:21:18.053483+00:00,spot_3,Spot 3,Empty,2026-09-18T00:58:17.721972+00:00,,,,,,,,
2026-09-18T13:21:18.053483+00:00,spot_4,Spot 4,Empty,2026-09-17T19:31:40.829505+00:00,,,,,,,,
2026-09-18T13:21:18.053483+00:00,spot_5,Spot 5,Empty,2026-09-18T12:38:15.343436+00:00,,,,,,,,
2026-09-18T13:21:18.053483+00:00,spot_6,Spot 6,Empty,2026-09-17T23:08:14.612220+00:00,,,,,,,,
2026-09-18T13:21:18.053483+00:00,spot_7,Spot 7,Empty,2026-09-18T01:01:48.664840+00:00,,,,,,,,
2026-09-18T13:21:18.053483+00:00,spot_8,Spot 8,Empty,2026-09-17T23:59:14.247427+00:00,,,,,,,,
2026-09-18T13:21:18.053483+00:00,spot_9,Spot 9,Occupied,2026-09-18T12:45:18.864376+00:00,170,truck,0.5794452428817749,2152,147.0231170654297,314.5129699707031,224.22544860839844,352.72154235839844
2026-09-18T13:21:18.053483+00:00,spot_10,Spot 10,Empty,2026-09-18T13:15:20.786938+00:00,,,,,,,,
2026-09-18T13:21:18.053483+00:00,spot_11,Spot 11,Empty,2026-09-17T21:39:15.819043+00:00,,,,,,,,
2026-09-18T13:21:18.053483+00:00,spot_12,Spot 12,Empty,2026-09-18T00:30:22.762438+00:00,,,,,,,,
2026-09-18T13:21:18.053483+00:00,spot_13,Spot 13,Empty,2026-09-18T00:56:19.559398+00:00,,,,,,,,
2026-09-18T13:21:18.053483+00:00,spot_14,Spot 14,Empty,2026-09-18T00:39:15.838015+00:00,,,,,,,,
2026-09-18T13:21:18.053483+00:00,spot_15,Spot 15,Empty,2026-09-18T13:17:15.509696+00:00,,,,,,,,
2026-09-18T13:21:18.053483+00:00,spot_16,Spot 16,Occupied,2026-09-18T13:01:31.189826+00:00,171,car,0.8339289426803589,1186,16.045269012451172,316.37955474853516,56.18785095214844,336.7151641845703
2026-09-18T13:21:18.053483+00:00,spot_17,Spot 17,Empty,2026-09-17T18:54:59.211881+00:00,,,,,,,,
2026-09-18T13:22:14.083364+00:00,spot_1,Spot 1,Empty,2026-09-17T23:15:16.570232+00:00,,,,,,,,
2026-09-18T13:22:14.083364+00:00,spot_2,Spot 2,Empty,2026-09-17T18:54:59.211819+00:00,,,,,,,,
2026-09-18T13:22:14.083364+00:00,spot_3,Spot 3,Empty,2026-09-18T00:58:17.721972+00:00,,,,,,,,
2026-09-18T13:22:14.083364+00:00,spot_4,Spot 4,Empty,2026-09-17T19:31:40.829505+00:00,,,,,,,,
2026-09-18T13:22:14.083364+00:00,spot_5,Spot 5,Empty,2026-09-18T12:38:15.343436+00:00,,,,,,,,
2026-09-18T13:22:14.083364+00:00,spot_6,Spot 6,Empty,2026-09-17T23:08:14.612220+00:00,,,,,,,,
2026-09-18T13:22:14.083364+00:00,spot_7,Spot 7,Empty,2026-09-18T01:01:48.664840+00:00,,,,,,,,
2026-09-18T13:22:14.083364+00:00,spot_8,Spot 8,Empty,2026-09-17T23:59:14.247427+00:00,,,,,,,,
2026-09-18T13:22:14.083364+00:00,spot_9,Spot 9,Occupied,2026-09-18T12:45:18.864376+00:00,170,truck,0.663031280040741,2208,147.15792846679688,312.92132568359375,224.35507202148438,354.10638427734375
2026-09-18T13:22:14.083364+00:00,spot_10,Spot 10,Occupied,2026-09-18T13:22:14.083364+00:00,177,car,0.19160522520542145,0,159.1127471923828,322.72801208496094,177.7047882080078,352.1838836669922
2026-09-18T13:22:14.083364+00:00,spot_11,Spot 11,Empty,2026-09-17T21:39:15.819043+00:00,,,,,,,,
2026-09-18T13:22:14.083364+00:00,spot_12,Spot 12,Empty,2026-09-18T00:30:22.762438+00:00,,,,,,,,
2026-09-18T13:22:14.083364+00:00,spot_13,Spot 13,Empty,2026-09-18T00:56:19.559398+00:00,,,,,,,,
2026-09-18T13:22:14.083364+00:00,spot_14,Spot 14,Empty,2026-09-18T00:39:15.838015+00:00,,,,,,,,
2026-09-18T13:22:14.083364+00:00,spot_15,Spot 15,Empty,2026-09-18T13:17:15.509696+00:00,,,,,,,,
2026-09-18T13:22:14.083364+00:00,spot_16,Spot 16,Occupied,2026-09-18T13:01:31.189826+00:00,171,car,0.8099157810211182,1242,16.2032470703125,316.6252746582031,56.508949279785156,337.3178405761719
2026-09-18T13:22:14.083364+00:00,spot_17,Spot 17,Empty,2026-09-17T18:54:59.211881+00:00,,,,,,,,
2026-09-18T13:23:16.551547+00:00,spot_1,Spot 1,Empty,2026-09-17T23:15:16.570232+00:00,,,,,,,,
2026-09-18T13:23:16.551547+00:00,spot_2,Spot 2,Empty,2026-09-17T18:54:59.211819+00:00,,,,,,,,
2026-09-18T13:23:16.551547+00:00,spot_3,Spot 3,Empty,2026-09-18T00:58:17.721972+00:00,,,,,,,,
2026-09-18T13:23:16.551547+00:00,spot_4,Spot 4,Empty,2026-09-17T19:31:40.829505+00:00,,,,,,,,
2026-09-18T13:23:16.551547+00:00,spot_5,Spot 5,Empty,2026-09-18T12:38:15.343436+00:00,,,,,,,,
2026-09-18T13:23:16.551547+00:00,spot_6,Spot 6,Empty,2026-09-17T23:08:14.612220+00:00,,,,,,,,
2026-09-18T13:23:16.551547+00:00,spot_7,Spot 7,Empty,2026-09-18T01:01:48.664840+00:00,,,,,,,,
2026-09-18T13:23:16.551547+00:00,spot_8,Spot 8,Empty,2026-09-17T23:59:14.247427+00:00,,,,,,,,
2026-09-18T13:23:16.551547+00:00,spot_9,Spot 9,Occupied,2026-09-18T12:45:18.864376+00:00,170,car,0.6174811124801636,2274,146.50564575195312,313.341064453125,224.42886352539062,353.70458984375
2026-09-18T13:23:16.551547+00:00,spot_10,Spot 10,Empty,2026-09-18T13:23:16.551547+00:00,,,,,,,,
2026-09-18T13:23:16.551547+00:00,spot_11,Spot 11,Empty,2026-09-17T21:39:15.819043+00:00,,,,,,,,
2026-09-18T13:23:16.551547+00:00,spot_12,Spot 12,Empty,2026-09-18T00:30:22.762438+00:00,,,,,,,,
2026-09-18T13:23:16.551547+00:00,spot_13,Spot 13,Empty,2026-09-18T00:56:19.559398+00:00,,,,,,,,
2026-09-18T13:23:16.551547+00:00,spot_14,Spot 14,Empty,2026-09-18T00:39:15.838015+00:00,,,,,,,,
2026-09-18T13:23:16.551547+00:00,spot_15,Spot 15,Empty,2026-09-18T13:17:15.509696+00:00,,,,,,,,
2026-09-18T13:23:16.551547+00:00,spot_16,Spot 16,Occupied,2026-09-18T13:01:31.189826+00:00,171,car,0.8139610290527344,1308,16.54650115966797,316.60498046875,56.607940673828125,337.38800048828125
2026-09-18T13:23:16.551547+00:00,spot_17,Spot 17,Empty,2026-09-17T18:54:59.211881+00:00,,,,,,,,
2026-09-18T13:24:17.736316+00:00,spot_1,Spot 1,Empty,2026-09-17T23:15:16.570232+00:00,,,,,,,,
2026-09-18T13:24:17.736316+00:00,spot_2,Spot 2,Empty,2026-09-17T18:54:59.211819+00:00,,,,,,,,
2026-09-18T13:24:17.736316+00:00,spot_3,Spot 3,Empty,2026-09-18T00:58:17.721972+00:00,,,,,,,,
2026-09-18T13:24:17.736316+00:00,spot_4,Spot 4,Empty,2026-09-17T19:31:40.829505+00:00,,,,,,,,
2026-09-18T13:24:17.736316+00:00,spot_5,Spot 5,Empty,2026-09-18T12:38:15.343436+00:00,,,,,,,,
2026-09-18T13:24:17.736316+00:00,spot_6,Spot 6,Empty,2026-09-17T23:08:14.612220+00:00,,,,,,,,
2026-09-18T13:24:17.736316+00:00,spot_7,Spot 7,Empty,2026-09-18T01:01:48.664840+00:00,,,,,,,,
2026-09-18T13:24:17.736316+00:00,spot_8,Spot 8,Empty,2026-09-17T23:59:14.247427+00:00,,,,,,,,
2026-09-18T13:24:17.736316+00:00,spot_9,Spot 9,Occupied,2026-09-18T12:45:18.864376+00:00,170,truck,0.7280120849609375,2333,147.04449462890625,314.6869888305664,223.9156036376953,353.5854797363281
2026-09-18T13:24:17.736316+00:00,spot_10,Spot 10,Empty,2026-09-18T13:23:16.551547+00:00,,,,,,,,
2026-09-18T13:24:17.736316+00:00,spot_11,Spot 11,Empty,2026-09-17T21:39:15.819043+00:00,,,,,,,,
2026-09-18T13:24:17.736316+00:00,spot_12,Spot 12,Empty,2026-09-18T00:30:22.762438+00:00,,,,,,,,
2026-09-18T13:24:17.736316+00:00,spot_13,Spot 13,Empty,2026-09-18T00:56:19.559398+00:00,,,,,,,,
2026-09-18T13:24:17.736316+00:00,spot_14,Spot 14,Empty,2026-09-18T00:39:15.838015+00:00,,,,,,,,
2026-09-18T13:24:17.736316+00:00,spot_15,Spot 15,Empty,2026-09-18T13:17:15.509696+00:00,,,,,,,,
2026-09-18T13:24:17.736316+00:00,spot_16,Spot 16,Occupied,2026-09-18T13:01:31.189826+00:00,171,car,0.8482581377029419,1367,16.582992553710938,316.3492736816406,56.46983337402344,337.2502136230469
2026-09-18T13:24:17.736316+00:00,spot_17,Spot 17,Empty,2026-09-17T18:54:59.211881+00:00,,,,,,,,
2026-09-18T13:25:16.517824+00:00,spot_1,Spot 1,Empty,2026-09-17T23:15:16.570232+00:00,,,,,,,,
2026-09-18T13:25:16.517824+00:00,spot_2,Spot 2,Empty,2026-09-17T18:54:59.211819+00:00,,,,,,,,
2026-09-18T13:25:16.517824+00:00,spot_3,Spot 3,Empty,2026-09-18T00:58:17.721972+00:00,,,,,,,,
2026-09-18T13:25:16.517824+00:00,spot_4,Spot 4,Empty,2026-09-17T19:31:40.829505+00:00,,,,,,,,
2026-09-18T13:25:16.517824+00:00,spot_5,Spot 5,Empty,2026-09-18T12:38:15.343436+00:00,,,,,,,,
2026-09-18T13:25:16.517824+00:00,spot_6,Spot 6,Occupied,2026-09-18T13:25:16.517824+00:00,178,truck,0.7147002220153809,0,216.59486389160156,330.9798889160156,330.5445556640625,377.4178771972656
2026-09-18T13:25:16.517824+00:00,spot_7,Spot 7,Empty,2026-09-18T01:01:48.664840+00:00,,,,,,,,
2026-09-18T13:25:16.517824+00:00,spot_8,Spot 8,Occupied,2026-09-18T13:25:16.517824+00:00,179,car,0.5037867426872253,0,216.08326721191406,342.3642578125,246.92425537109375,370.42547607421875
2026-09-18T13:25:16.517824+00:00,spot_9,Spot 9,Occupied,2026-09-18T12:45:18.864376+00:00,170,truck,0.6515468955039978,2396,146.97064208984375,313.8201904296875,223.38238525390625,353.97857666015625
2026-09-18T13:25:16.517824+00:00,spot_10,Spot 10,Empty,2026-09-18T13:23:16.551547+00:00,,,,,,,,
2026-09-18T13:25:16.517824+00:00,spot_11,Spot 11,Empty,2026-09-17T21:39:15.819043+00:00,,,,,,,,
2026-09-18T13:25:16.517824+00:00,spot_12,Spot 12,Empty,2026-09-18T00:30:22.762438+00:00,,,,,,,,
2026-09-18T13:25:16.517824+00:00,spot_13,Spot 13,Empty,2026-09-18T00:56:19.559398+00:00,,,,,,,,
2026-09-18T13:25:16.517824+00:00,spot_14,Spot 14,Empty,2026-09-18T00:39:15.838015+00:00,,,,,,,,
2026-09-18T13:25:16.517824+00:00,spot_15,Spot 15,Empty,2026-09-18T13:17:15.509696+00:00,,,,,,,,
2026-09-18T13:25:16.517824+00:00,spot_16,Spot 16,Occupied,2026-09-18T13:01:31.189826+00:00,171,car,0.82526034116745,1430,16.978500366210938,316.5885925292969,56.22065353393555,336.6423568725586
2026-09-18T13:25:16.517824+00:00,spot_17,Spot 17,Empty,2026-09-17T18:54:59.211881+00:00,,,,,,,,
2026-09-18T13:26:23.489156+00:00,spot_1,Spot 1,Empty,2026-09-17T23:15:16.570232+00:00,,,,,,,,
2026-09-18T13:26:23.489156+00:00,spot_2,Spot 2,Empty,2026-09-17T18:54:59.211819+00:00,,,,,,,,
2026-09-18T13:26:23.489156+00:00,spot_3,Spot 3,Empty,2026-09-18T00:58:17.721972+00:00,,,,,,,,
2026-09-18T13:26:23.489156+00:00,spot_4,Spot 4,Empty,2026-09-17T19:31:40.829505+00:00,,,,,,,,
2026-09-18T13:26:23.489156+00:00,spot_5,Spot 5,Occupied,2026-09-18T13:26:23.489156+00:00,180,truck,0.6653001308441162,0,296.9485778808594,318.7962646484375,373.0007629394531,362.3642578125
2026-09-18T13:26:23.489156+00:00,spot_6,Spot 6,Empty,2026-09-18T13:26:23.489156+00:00,,,,,,,,
2026-09-18T13:26:23.489156+00:00,spot_7,Spot 7,Empty,2026-09-18T01:01:48.664840+00:00,,,,,,,,
2026-09-18T13:26:23.489156+00:00,spot_8,Spot 8,Empty,2026-09-18T13:26:23.489156+00:00,,,,,,,,
2026-09-18T13:26:23.489156+00:00,spot_9,Spot 9,Occupied,2026-09-18T12:45:18.864376+00:00,170,truck,0.5611812472343445,2458,147.20553588867188,313.47589111328125,224.27670288085938,353.97625732421875
2026-09-18T13:26:23.489156+00:00,spot_10,Spot 10,Empty,2026-09-18T13:23:16.551547+00:00,,,,,,,,
2026-09-18T13:26:23.489156+00:00,spot_11,Spot 11,Empty,2026-09-17T21:39:15.819043+00:00,,,,,,,,
2026-09-18T13:26:23.489156+00:00,spot_12,Spot 12,Empty,2026-09-18T00:30:22.762438+00:00,,,,,,,,
2026-09-18T13:26:23.489156+00:00,spot_13,Spot 13,Empty,2026-09-18T00:56:19.559398+00:00,,,,,,,,
2026-09-18T13:26:23.489156+00:00,spot_14,Spot 14,Empty,2026-09-18T00:39:15.838015+00:00,,,,,,,,
2026-09-18T13:26:23.489156+00:00,spot_15,Spot 15,Empty,2026-09-18T13:17:15.509696+00:00,,,,,,,,
2026-09-18T13:26:23.489156+00:00,spot_16,Spot 16,Occupied,2026-09-18T13:01:31.189826+00:00,171,car,0.8360941410064697,1492,16.640064239501953,316.68096923828125,56.37590408325195,337.40032958984375
2026-09-18T13:26:23.489156+00:00,spot_17,Spot 17,Empty,2026-09-17T18:54:59.211881+00:00,,,,,,,,
2026-09-18T13:27:15.327220+00:00,spot_1,Spot 1,Empty,2026-09-17T23:15:16.570232+00:00,,,,,,,,
2026-09-18T13:27:15.327220+00:00,spot_2,Spot 2,Empty,2026-09-17T18:54:59.211819+00:00,,,,,,,,
2026-09-18T13:27:15.327220+00:00,spot_3,Spot 3,Empty,2026-09-18T00:58:17.721972+00:00,,,,,,,,
2026-09-18T13:27:15.327220+00:00,spot_4,Spot 4,Empty,2026-09-17T19:31:40.829505+00:00,,,,,,,,
2026-09-18T13:27:15.327220+00:00,spot_5,Spot 5,Occupied,2026-09-18T13:26:23.489156+00:00,180,truck,0.6653001308441162,49,296.9485778808594,318.7962646484375,373.0007629394531,362.3642578125
2026-09-18T13:27:15.327220+00:00,spot_6,Spot 6,Empty,2026-09-18T13:26:23.489156+00:00,,,,,,,,
2026-09-18T13:27:15.327220+00:00,spot_7,Spot 7,Empty,2026-09-18T01:01:48.664840+00:00,,,,,,,,
2026-09-18T13:27:15.327220+00:00,spot_8,Spot 8,Empty,2026-09-18T13:26:23.489156+00:00,,,,,,,,
2026-09-18T13:27:15.327220+00:00,spot_9,Spot 9,Occupied,2026-09-18T12:45:18.864376+00:00,170,truck,0.5611812472343445,2508,147.20553588867188,313.47589111328125,224.27670288085938,353.97625732421875
2026-09-18T13:27:15.327220+00:00,spot_10,Spot 10,Empty,2026-09-18T13:23:16.551547+00:00,,,,,,,,
2026-09-18T13:27:15.327220+00:00,spot_11,Spot 11,Empty,2026-09-17T21:39:15.819043+00:00,,,,,,,,
2026-09-18T13:27:15.327220+00:00,spot_12,Spot 12,Empty,2026-09-18T00:30:22.762438+00:00,,,,,,,,
2026-09-18T13:27:15.327220+00:00,spot_13,Spot 13,Empty,2026-09-18T00:56:19.559398+00:00,,,,,,,,
2026-09-18T13:27:15.327220+00:00,spot_14,Spot 14,Empty,2026-09-18T00:39:15.838015+00:00,,,,,,,,
2026-09-18T13:27:15.327220+00:00,spot_15,Spot 15,Empty,2026-09-18T13:17:15.509696+00:00,,,,,,,,
2026-09-18T13:27:15.327220+00:00,spot_16,Spot 16,Occupied,2026-09-18T13:01:31.189826+00:00,171,car,0.8360941410064697,1542,16.640064239501953,316.68096923828125,56.37590408325195,337.40032958984375
2026-09-18T13:27:15.327220+00:00,spot_17,Spot 17,Empty,2026-09-17T18:54:59.211881+00:00,,,,,,,,
2026-09-18T13:28:15.956846+00:00,spot_1,Spot 1,Empty,2026-09-17T23:15:16.570232+00:00,,,,,,,,
2026-09-18T13:28:15.956846+00:00,spot_2,Spot 2,Empty,2026-09-17T18:54:59.211819+00:00,,,,,,,,
2026-09-18T13:28:15.956846+00:00,spot_3,Spot 3,Empty,2026-09-18T00:58:17.721972+00:00,,,,,,,,
2026-09-18T13:28:15.956846+00:00,spot_4,Spot 4,Empty,2026-09-17T19:31:40.829505+00:00,,,,,,,,
2026-09-18T13:28:15.956846+00:00,spot_5,Spot 5,Occupied,2026-09-18T13:26:23.489156+00:00,180,car,0.5299571752548218,112,296.959716796875,318.63232421875,373.78515625,362.0389404296875
2026-09-18T13:28:15.956846+00:00,spot_6,Spot 6,Empty,2026-09-18T13:26:23.489156+00:00,,,,,,,,
2026-09-18T13:28:15.956846+00:00,spot_7,Spot 7,Empty,2026-09-18T01:01:48.664840+00:00,,,,,,,,
2026-09-18T13:28:15.956846+00:00,spot_8,Spot 8,Empty,2026-09-18T13:26:23.489156+00:00,,,,,,,,
2026-09-18T13:28:15.956846+00:00,spot_9,Spot 9,Occupied,2026-09-18T12:45:18.864376+00:00,170,truck,0.5174666047096252,2571,146.93710327148438,313.9573974609375,223.949462890625,353.4083251953125
2026-09-18T13:28:15.956846+00:00,spot_10,Spot 10,Empty,2026-09-18T13:23:16.551547+00:00,,,,,,,,
2026-09-18T13:28:15.956846+00:00,spot_11,Spot 11,Empty,2026-09-17T21:39:15.819043+00:00,,,,,,,,
2026-09-18T13:28:15.956846+00:00,spot_12,Spot 12,Empty,2026-09-18T00:30:22.762438+00:00,,,,,,,,
2026-09-18T13:28:15.956846+00:00,spot_13,Spot 13,Empty,2026-09-18T00:56:19.559398+00:00,,,,,,,,
2026-09-18T13:28:15.956846+00:00,spot_14,Spot 14,Empty,2026-09-18T00:39:15.838015+00:00,,,,,,,,
2026-09-18T13:28:15.956846+00:00,spot_15,Spot 15,Occupied,2026-09-18T13:28:15.956846+00:00,181,car,0.25650283694267273,0,43.98445510864258,319.09974670410156,56.32585906982422,332.13475036621094
2026-09-18T13:28:15.956846+00:00,spot_16,Spot 16,Occupied,2026-09-18T13:01:31.189826+00:00,171,car,0.8375260233879089,1605,16.5178165435791,317.01715087890625,56.52381134033203,337.26959228515625
2026-09-18T13:28:15.956846+00:00,spot_17,Spot 17,Empty,2026-09-17T18:54:59.211881+00:00,,,,,,,,
2026-09-18T13:29:15.996818+00:00,spot_1,Spot 1,Empty,2026-09-17T23:15:16.570232+00:00,,,,,,,,
2026-09-18T13:29:15.996818+00:00,spot_2,Spot 2,Empty,2026-09-17T18:54:59.211819+00:00,,,,,,,,
2026-09-18T13:29:15.996818+00:00,spot_3,Spot 3,Empty,2026-09-18T00:58:17.721972+00:00,,,,,,,,
2026-09-18T13:29:15.996818+00:00,spot_4,Spot 4,Empty,2026-09-17T19:31:40.829505+00:00,,,,,,,,
2026-09-18T13:29:15.996818+00:00,spot_5,Spot 5,Empty,2026-09-18T13:29:15.996818+00:00,,,,,,,,
2026-09-18T13:29:15.996818+00:00,spot_6,Spot 6,Occupied,2026-09-18T13:29:15.996818+00:00,182,truck,0.8054601550102234,0,284.111083984375,321.16900634765625,368.6312255859375,368.2330322265625
2026-09-18T13:29:15.996818+00:00,spot_7,Spot 7,Empty,2026-09-18T01:01:48.664840+00:00,,,,,,,,
2026-09-18T13:29:15.996818+00:00,spot_8,Spot 8,Empty,2026-09-18T13:26:23.489156+00:00,,,,,,,,
2026-09-18T13:29:15.996818+00:00,spot_9,Spot 9,Occupied,2026-09-18T12:45:18.864376+00:00,170,truck,0.6130121350288391,2628,146.47756958007812,313.7559509277344,224.0030517578125,354.2970886230469
2026-09-18T13:29:15.996818+00:00,spot_10,Spot 10,Empty,2026-09-18T13:23:16.551547+00:00,,,,,,,,
2026-09-18T13:29:15.996818+00:00,spot_11,Spot 11,Occupied,2026-09-18T13:29:15.996818+00:00,183,car,0.6514135599136353,0,118.04390716552734,323.4669189453125,161.69918823242188,345.6484375
2026-09-18T13:29:15.996818+00:00,spot_12,Spot 12,Empty,2026-09-18T00:30:22.762438+00:00,,,,,,,,
2026-09-18T13:29:15.996818+00:00,spot_13,Spot 13,Empty,2026-09-18T00:56:19.559398+00:00,,,,,,,,
2026-09-18T13:29:15.996818+00:00,spot_14,Spot 14,Empty,2026-09-18T00:39:15.838015+00:00,,,,,,,,
2026-09-18T13:29:15.996818+00:00,spot_15,Spot 15,Occupied,2026-09-18T13:28:15.956846+00:00,181,car,0.3733381927013397,56,45.67463302612305,319.66617584228516,56.29591369628906,332.94385528564453
2026-09-18T13:29:15.996818+00:00,spot_16,Spot 16,Occupied,2026-09-18T13:01:31.189826+00:00,171,car,0.8459389209747314,1662,16.171249389648438,317.0060729980469,56.48389434814453,337.2983093261719
2026-09-18T13:29:15.996818+00:00,spot_17,Spot 17,Empty,2026-09-17T18:54:59.211881+00:00,,,,,,,,
2026-09-18T13:30:21.024512+00:00,spot_1,Spot 1,Empty,2026-09-17T23:15:16.570232+00:00,,,,,,,,
2026-09-18T13:30:21.024512+00:00,spot_2,Spot 2,Empty,2026-09-17T18:54:59.211819+00:00,,,,,,,,
2026-09-18T13:30:21.024512+00:00,spot_3,Spot 3,Empty,2026-09-18T00:58:17.721972+00:00,,,,,,,,
2026-09-18T13:30:21.024512+00:00,spot_4,Spot 4,Empty,2026-09-17T19:31:40.829505+00:00,,,,,,,,
2026-09-18T13:30:21.024512+00:00,spot_5,Spot 5,Empty,2026-09-18T13:29:15.996818+00:00,,,,,,,,
2026-09-18T13:30:21.024512+00:00,spot_6,Spot 6,Occupied,2026-09-18T13:29:15.996818+00:00,182,car,0.5694084167480469,78,284.1005859375,321.1243896484375,353.4942626953125,368.262451171875
2026-09-18T13:30:21.024512+00:00,spot_7,Spot 7,Empty,2026-09-18T01:01:48.664840+00:00,,,,,,,,
2026-09-18T13:30:21.024512+00:00,spot_8,Spot 8,Empty,2026-09-18T13:26:23.489156+00:00,,,,,,,,
2026-09-18T13:30:21.024512+00:00,spot_9,Spot 9,Occupied,2026-09-18T12:45:18.864376+00:00,170,car,0.5804373025894165,2707,147.6685791015625,315.29701232910156,223.1851348876953,352.9757080078125
2026-09-18T13:30:21.024512+00:00,spot_10,Spot 10,Occupied,2026-09-18T13:30:21.024512+00:00,184,car,0.2886078655719757,0,147.0336456298828,322.18228912353516,181.21072387695312,352.4037780761719
2026-09-18T13:30:21.024512+00:00,spot_11,Spot 11,Occupied,2026-09-18T13:29:15.996818+00:00,183,car,0.55460524559021,78,119.78829956054688,324.214111328125,159.94198608398438,346.1513671875
2026-09-18T13:30:21.024512+00:00,spot_12,Spot 12,Empty,2026-09-18T00:30:22.762438+00:00,,,,,,,,
2026-09-18T13:30:21.024512+00:00,spot_13,Spot 13,Empty,2026-09-18T00:56:19.559398+00:00,,,,,,,,
2026-09-18T13:30:21.024512+00:00,spot_14,Spot 14,Empty,2026-09-18T00:39:15.838015+00:00,,,,,,,,
2026-09-18T13:30:21.024512+00:00,spot_15,Spot 15,Empty,2026-09-18T13:30:21.024512+00:00,,,,,,,,
2026-09-18T13:30:21.024512+00:00,spot_16,Spot 16,Occupied,2026-09-18T13:01:31.189826+00:00,171,car,0.8376164436340332,1741,16.20905113220215,317.132080078125,56.528038024902344,337.3948974609375
2026-09-18T13:30:21.024512+00:00,spot_17,Spot 17,Empty,2026-09-17T18:54:59.211881+00:00,,,,,,,,
2026-09-18T13:31:19.110813+00:00,spot_1,Spot 1,Empty,2026-09-17T23:15:16.570232+00:00,,,,,,,,
2026-09-18T13:31:19.110813+00:00,spot_2,Spot 2,Empty,2026-09-17T18:54:59.211819+00:00,,,,,,,,
2026-09-18T13:31:19.110813+00:00,spot_3,Spot 3,Empty,2026-09-18T00:58:17.721972+00:00,,,,,,,,
2026-09-18T13:31:19.110813+00:00,spot_4,Spot 4,Empty,2026-09-17T19:31:40.829505+00:00,,,,,,,,
2026-09-18T13:31:19.110813+00:00,spot_5,Spot 5,Empty,2026-09-18T13:29:15.996818+00:00,,,,,,,,
2026-09-18T13:31:19.110813+00:00,spot_6,Spot 6,Occupied,2026-09-18T13:29:15.996818+00:00,182,car,0.5694084167480469,124,284.1005859375,321.1243896484375,353.4942626953125,368.262451171875
2026-09-18T13:31:19.110813+00:00,spot_7,Spot 7,Empty,2026-09-18T01:01:48.664840+00:00,,,,,,,,
2026-09-18T13:31:19.110813+00:00,spot_8,Spot 8,Empty,2026-09-18T13:26:23.489156+00:00,,,,,,,,
2026-09-18T13:31:19.110813+00:00,spot_9,Spot 9,Occupied,2026-09-18T12:45:18.864376+00:00,170,car,0.5804373025894165,2753,147.6685791015625,315.29701232910156,223.1851348876953,352.9757080078125
2026-09-18T13:31:19.110813+00:00,spot_10,Spot 10,Occupied,2026-09-18T13:30:21.024512+00:00,184,car,0.2886078655719757,45,147.0336456298828,322.18228912353516,181.21072387695312,352.4037780761719
2026-09-18T13:31:19.110813+00:00,spot_11,Spot 11,Occupied,2026-09-18T13:29:15.996818+00:00,183,car,0.55460524559021,124,119.78829956054688,324.214111328125,159.94198608398438,346.1513671875
2026-09-18T13:31:19.110813+00:00,spot_12,Spot 12,Empty,2026-09-18T00:30:22.762438+00:00,,,,,,,,
2026-09-18T13:31:19.110813+00:00,spot_13,Spot 13,Empty,2026-09-18T00:56:19.559398+00:00,,,,,,,,
2026-09-18T13:31:19.110813+00:00,spot_14,Spot 14,Empty,2026-09-18T00:39:15.838015+00:00,,,,,,,,
2026-09-18T13:31:19.110813+00:00,spot_15,Spot 15,Empty,2026-09-18T13:30:21.024512+00:00,,,,,,,,
2026-09-18T13:31:19.110813+00:00,spot_16,Spot 16,Occupied,2026-09-18T13:01:31.189826+00:00,171,car,0.8376164436340332,1787,16.20905113220215,317.132080078125,56.528038024902344,337.3948974609375
2026-09-18T13:31:19.110813+00:00,spot_17,Spot 17,Empty,2026-09-17T18:54:59.211881+00:00,,,,,,,,
2026-09-18T13:32:16.814581+00:00,spot_1,Spot 1,Empty,2026-09-17T23:15:16.570232+00:00,,,,,,,,
2026-09-18T13:32:16.814581+00:00,spot_2,Spot 2,Empty,2026-09-17T18:54:59.211819+00:00,,,,,,,,
2026-09-18T13:32:16.814581+00:00,spot_3,Spot 3,Empty,2026-09-18T00:58:17.721972+00:00,,,,,,,,
2026-09-18T13:32:16.814581+00:00,spot_4,Spot 4,Empty,2026-09-17T19:31:40.829505+00:00,,,,,,,,
2026-09-18T13:32:16.814581+00:00,spot_5,Spot 5,Empty,2026-09-18T13:29:15.996818+00:00,,,,,,,,
2026-09-18T13:32:16.814581+00:00,spot_6,Spot 6,Occupied,2026-09-18T13:29:15.996818+00:00,182,car,0.6929045915603638,183,283.82427978515625,321.1128845214844,354.85748291015625,368.1127624511719
2026-09-18T13:32:16.814581+00:00,spot_7,Spot 7,Empty,2026-09-18T01:01:48.664840+00:00,,,,,,,,
2026-09-18T13:32:16.814581+00:00,spot_8,Spot 8,Empty,2026-09-18T13:26:23.489156+00:00,,,,,,,,
2026-09-18T13:32:16.814581+00:00,spot_9,Spot 9,Occupied,2026-09-18T12:45:18.864376+00:00,170,car,0.6338669657707214,2812,146.9430694580078,313.9348373413086,225.1287384033203,353.34178161621094
2026-09-18T13:32:16.814581+00:00,spot_10,Spot 10,Empty,2026-09-18T13:32:16.814581+00:00,,,,,,,,
2026-09-18T13:32:16.814581+00:00,spot_11,Spot 11,Occupied,2026-09-18T13:29:15.996818+00:00,183,car,0.7205538153648376,183,126.09546661376953,324.2447204589844,159.9254913330078,345.5616455078125
2026-09-18T13:32:16.814581+00:00,spot_12,Spot 12,Empty,2026-09-18T00:30:22.762438+00:00,,,,,,,,
2026-09-18T13:32:16.814581+00:00,spot_13,Spot 13,Empty,2026-09-18T00:56:19.559398+00:00,,,,,,,,
2026-09-18T13:32:16.814581+00:00,spot_14,Spot 14,Empty,2026-09-18T00:39:15.838015+00:00,,,,,,,,
2026-09-18T13:32:16.814581+00:00,spot_15,Spot 15,Empty,2026-09-18T13:30:21.024512+00:00,,,,,,,,
2026-09-18T13:32:16.814581+00:00,spot_16,Spot 16,Occupied,2026-09-18T13:01:31.189826+00:00,171,car,0.8177579045295715,1846,16.12639808654785,316.94061279296875,56.42572784423828,337.61016845703125
2026-09-18T13:32:16.814581+00:00,spot_17,Spot 17,Empty,2026-09-17T18:54:59.211881+00:00,,,,,,,,
2026-09-18T13:33:14.625708+00:00,spot_1,Spot 1,Empty,2026-09-17T23:15:16.570232+00:00,,,,,,,,
2026-09-18T13:33:14.625708+00:00,spot_2,Spot 2,Empty,2026-09-17T18:54:59.211819+00:00,,,,,,,,
2026-09-18T13:33:14.625708+00:00,spot_3,Spot 3,Empty,2026-09-18T00:58:17.721972+00:00,,,,,,,,
2026-09-18T13:33:14.625708+00:00,spot_4,Spot 4,Empty,2026-09-17T19:31:40.829505+00:00,,,,,,,,
2026-09-18T13:33:14.625708+00:00,spot_5,Spot 5,Empty,2026-09-18T13:29:15.996818+00:00,,,,,,,,
2026-09-18T13:33:14.625708+00:00,spot_6,Spot 6,Occupied,2026-09-18T13:29:15.996818+00:00,182,car,0.6788442730903625,238,283.98974609375,321.1820068359375,368.055908203125,368.13348388671875
2026-09-18T13:33:14.625708+00:00,spot_7,Spot 7,Empty,2026-09-18T01:01:48.664840+00:00,,,,,,,,
2026-09-18T13:33:14.625708+00:00,spot_8,Spot 8,Empty,2026-09-18T13:26:23.489156+00:00,,,,,,,,
2026-09-18T13:33:14.625708+00:00,spot_9,Spot 9,Occupied,2026-09-18T12:45:18.864376+00:00,170,truck,0.5565540194511414,2867,146.04495239257812,313.7578125,223.84872436523438,353.524169921875
2026-09-18T13:33:14.625708+00:00,spot_10,Spot 10,Empty,2026-09-18T13:32:16.814581+00:00,,,,,,,,
2026-09-18T13:33:14.625708+00:00,spot_11,Spot 11,Occupied,2026-09-18T13:29:15.996818+00:00,183,car,0.7419552803039551,238,123.61815643310547,323.77685546875,159.7072296142578,345.8516616821289
2026-09-18T13:33:14.625708+00:00,spot_12,Spot 12,Occupied,2026-09-18T13:33:14.625708+00:00,185,car,0.19436855614185333,0,111.97660064697266,319.87548828125,129.82896423339844,334.52075958251953
2026-09-18T13:33:14.625708+00:00,spot_13,Spot 13,Empty,2026-09-18T00:56:19.559398+00:00,,,,,,,,
2026-09-18T13:33:14.625708+00:00,spot_14,Spot 14,Empty,2026-09-18T00:39:15.838015+00:00,,,,,,,,
2026-09-18T13:33:14.625708+00:00,spot_15,Spot 15,Empty,2026-09-18T13:30:21.024512+00:00,,,,,,,,
2026-09-18T13:33:14.625708+00:00,spot_16,Spot 16,Occupied,2026-09-18T13:01:31.189826+00:00,171,car,0.8316636085510254,1901,16.326717376708984,316.57806396484375,56.5628547668457,337.3363037109375
2026-09-18T13:33:14.625708+00:00,spot_17,Spot 17,Empty,2026-09-17T18:54:59.211881+00:00,,,,,,,,
2026-09-18T13:34:18.568608+00:00,spot_1,Spot 1,Empty,2026-09-17T23:15:16.570232+00:00,,,,,,,,
2026-09-18T13:34:18.568608+00:00,spot_2,Spot 2,Empty,2026-09-17T18:54:59.211819+00:00,,,,,,,,
2026-09-18T13:34:18.568608+00:00,spot_3,Spot 3,Empty,2026-09-18T00:58:17.721972+00:00,,,,,,,,
2026-09-18T13:34:18.568608+00:00,spot_4,Spot 4,Empty,2026-09-17T19:31:40.829505+00:00,,,,,,,,
2026-09-18T13:34:18.568608+00:00,spot_5,Spot 5,Empty,2026-09-18T13:29:15.996818+00:00,,,,,,,,
2026-09-18T13:34:18.568608+00:00,spot_6,Spot 6,Occupied,2026-09-18T13:29:15.996818+00:00,182,truck,0.4912640154361725,305,283.7733154296875,321.07293701171875,368.04412841796875,367.92926025390625
2026-09-18T13:34:18.568608+00:00,spot_7,Spot 7,Empty,2026-09-18T01:01:48.664840+00:00,,,,,,,,
2026-09-18T13:34:18.568608+00:00,spot_8,Spot 8,Empty,2026-09-18T13:26:23.489156+00:00,,,,,,,,
2026-09-18T13:34:18.568608+00:00,spot_9,Spot 9,Occupied,2026-09-18T12:45:18.864376+00:00,170,truck,0.5292391777038574,2933,145.33465576171875,314.8860855102539,222.5956268310547,352.87940979003906
2026-09-18T13:34:18.568608+00:00,spot_10,Spot 10,Empty,2026-09-18T13:32:16.814581+00:00,,,,,,,,
2026-09-18T13:34:18.568608+00:00,spot_11,Spot 11,Occupied,2026-09-18T13:29:15.996818+00:00,183,car,0.7034503817558289,305,127.11002349853516,323.992431640625,159.87545776367188,345.282958984375
2026-09-18T13:34:18.568608+00:00,spot_12,Spot 12,Empty,2026-09-18T13:34:18.568608+00:00,,,,,,,,
2026-09-18T13:34:18.568608+00:00,spot_13,Spot 13,Empty,2026-09-18T00:56:19.559398+00:00,,,,,,,,
2026-09-18T13:34:18.568608+00:00,spot_14,Spot 14,Empty,2026-09-18T00:39:15.838015+00:00,,,,,,,,
2026-09-18T13:34:18.568608+00:00,spot_15,Spot 15,Empty,2026-09-18T13:30:21.024512+00:00,,,,,,,,
2026-09-18T13:34:18.568608+00:00,spot_16,Spot 16,Occupied,2026-09-18T13:01:31.189826+00:00,171,car,0.8002755641937256,1967,16.166664123535156,316.3030090332031,56.55513000488281,337.5325622558594
2026-09-18T13:34:18.568608+00:00,spot_17,Spot 17,Empty,2026-09-17T18:54:59.211881+00:00,,,,,,,,
2026-09-18T13:35:19.454954+00:00,spot_1,Spot 1,Empty,2026-09-17T23:15:16.570232+00:00,,,,,,,,
2026-09-18T13:35:19.454954+00:00,spot_2,Spot 2,Empty,2026-09-17T18:54:59.211819+00:00,,,,,,,,
2026-09-18T13:35:19.454954+00:00,spot_3,Spot 3,Empty,2026-09-18T00:58:17.721972+00:00,,,,,,,,
2026-09-18T13:35:19.454954+00:00,spot_4,Spot 4,Empty,2026-09-17T19:31:40.829505+00:00,,,,,,,,
2026-09-18T13:35:19.454954+00:00,spot_5,Spot 5,Empty,2026-09-18T13:29:15.996818+00:00,,,,,,,,
2026-09-18T13:35:19.454954+00:00,spot_6,Spot 6,Occupied,2026-09-18T13:29:15.996818+00:00,182,truck,0.6857550740242004,371,283.97747802734375,321.22857666015625,367.93609619140625,368.150634765625
2026-09-18T13:35:19.454954+00:00,spot_7,Spot 7,Empty,2026-09-18T01:01:48.664840+00:00,,,,,,,,
2026-09-18T13:35:19.454954+00:00,spot_8,Spot 8,Empty,2026-09-18T13:26:23.489156+00:00,,,,,,,,
2026-09-18T13:35:19.454954+00:00,spot_9,Spot 9,Occupied,2026-09-18T12:45:18.864376+00:00,170,truck,0.5653001666069031,2999,146.72157287597656,313.6145477294922,223.93026733398438,352.1586456298828
2026-09-18T13:35:19.454954+00:00,spot_10,Spot 10,Empty,2026-09-18T13:32:16.814581+00:00,,,,,,,,
2026-09-18T13:35:19.454954+00:00,spot_11,Spot 11,Occupied,2026-09-18T13:29:15.996818+00:00,183,car,0.6951099038124084,371,125.41475677490234,323.99022674560547,155.9697265625,345.93981170654297
2026-09-18T13:35:19.454954+00:00,spot_12,Spot 12,Empty,2026-09-18T13:34:18.568608+00:00,,,,,,,,
2026-09-18T13:35:19.454954+00:00,spot_13,Spot 13,Empty,2026-09-18T00:56:19.559398+00:00,,,,,,,,
2026-09-18T13:35:19.454954+00:00,spot_14,Spot 14,Empty,2026-09-18T00:39:15.838015+00:00,,,,,,,,
2026-09-18T13:35:19.454954+00:00,spot_15,Spot 15,Empty,2026-09-18T13:30:21.024512+00:00,,,,,,,,
2026-09-18T13:35:19.454954+00:00,spot_16,Spot 16,Occupied,2026-09-18T13:01:31.189826+00:00,171,car,0.7922905683517456,2034,16.12787437438965,317.07232666015625,56.68901824951172,337.36907958984375
2026-09-18T13:35:19.454954+00:00,spot_17,Spot 17,Empty,2026-09-17T18:54:59.211881+00:00,,,,,,,,
2026-09-18T13:36:21.321464+00:00,spot_1,Spot 1,Empty,2026-09-17T23:15:16.570232+00:00,,,,,,,,
2026-09-18T13:36:21.321464+00:00,spot_2,Spot 2,Empty,2026-09-17T18:54:59.211819+00:00,,,,,,,,
2026-09-18T13:36:21.321464+00:00,spot_3,Spot 3,Empty,2026-09-18T00:58:17.721972+00:00,,,,,,,,
2026-09-18T13:36:21.321464+00:00,spot_4,Spot 4,Empty,2026-09-17T19:31:40.829505+00:00,,,,,,,,
2026-09-18T13:36:21.321464+00:00,spot_5,Spot 5,Empty,2026-09-18T13:29:15.996818+00:00,,,,,,,,
2026-09-18T13:36:21.321464+00:00,spot_6,Spot 6,Occupied,2026-09-18T13:29:15.996818+00:00,182,truck,0.4437513053417206,427,283.39947509765625,320.82672119140625,370.0596923828125,368.31396484375
2026-09-18T13:36:21.321464+00:00,spot_7,Spot 7,Empty,2026-09-18T01:01:48.664840+00:00,,,,,,,,
2026-09-18T13:36:21.321464+00:00,spot_8,Spot 8,Empty,2026-09-18T13:26:23.489156+00:00,,,,,,,,
2026-09-18T13:36:21.321464+00:00,spot_9,Spot 9,Occupied,2026-09-18T12:45:18.864376+00:00,170,car,0.541159987449646,3056,144.75308227539062,313.5252685546875,223.23544311523438,353.550537109375
2026-09-18T13:36:21.321464+00:00,spot_10,Spot 10,Empty,2026-09-18T13:32:16.814581+00:00,,,,,,,,
2026-09-18T13:36:21.321464+00:00,spot_11,Spot 11,Occupied,2026-09-18T13:29:15.996818+00:00,183,car,0.6847547888755798,427,127.40067291259766,324.1709671020508,162.13278198242188,345.9133071899414
2026-09-18T13:36:21.321464+00:00,spot_12,Spot 12,Empty,2026-09-18T13:34:18.568608+00:00,,,,,,,,
2026-09-18T13:36:21.321464+00:00,spot_13,Spot 13,Empty,2026-09-18T00:56:19.559398+00:00,,,,,,,,
2026-09-18T13:36:21.321464+00:00,spot_14,Spot 14,Empty,2026-09-18T00:39:15.838015+00:00,,,,,,,,
2026-09-18T13:36:21.321464+00:00,spot_15,Spot 15,Empty,2026-09-18T13:30:21.024512+00:00,,,,,,,,
2026-09-18T13:36:21.321464+00:00,spot_16,Spot 16,Occupied,2026-09-18T13:01:31.189826+00:00,171,car,0.8457433581352234,2090,16.44475555419922,317.0679016113281,56.40330505371094,337.3417053222656
2026-09-18T13:36:21.321464+00:00,spot_17,Spot 17,Empty,2026-09-17T18:54:59.211881+00:00,,,,,,,,
2026-09-18T13:37:15.086138+00:00,spot_1,Spot 1,Empty,2026-09-17T23:15:16.570232+00:00,,,,,,,,
2026-09-18T13:37:15.086138+00:00,spot_2,Spot 2,Empty,2026-09-17T18:54:59.211819+00:00,,,,,,,,
2026-09-18T13:37:15.086138+00:00,spot_3,Spot 3,Empty,2026-09-18T00:58:17.721972+00:00,,,,,,,,
2026-09-18T13:37:15.086138+00:00,spot_4,Spot 4,Empty,2026-09-17T19:31:40.829505+00:00,,,,,,,,
2026-09-18T13:37:15.086138+00:00,spot_5,Spot 5,Empty,2026-09-18T13:29:15.996818+00:00,,,,,,,,
2026-09-18T13:37:15.086138+00:00,spot_6,Spot 6,Occupied,2026-09-18T13:29:15.996818+00:00,182,truck,0.7047070264816284,479,283.75360107421875,320.825439453125,368.51171875,368.2982177734375
2026-09-18T13:37:15.086138+00:00,spot_7,Spot 7,Empty,2026-09-18T01:01:48.664840+00:00,,,,,,,,
2026-09-18T13:37:15.086138+00:00,spot_8,Spot 8,Empty,2026-09-18T13:26:23.489156+00:00,,,,,,,,
2026-09-18T13:37:15.086138+00:00,spot_9,Spot 9,Occupied,2026-09-18T12:45:18.864376+00:00,170,truck,0.5972229838371277,3108,147.39625549316406,313.8561019897461,223.93353271484375,352.9335021972656
2026-09-18T13:37:15.086138+00:00,spot_10,Spot 10,Empty,2026-09-18T13:32:16.814581+00:00,,,,,,,,
2026-09-18T13:37:15.086138+00:00,spot_11,Spot 11,Occupied,2026-09-18T13:29:15.996818+00:00,183,car,0.7819621562957764,479,119.03228759765625,322.741943359375,160.50619506835938,346.0509033203125
2026-09-18T13:37:15.086138+00:00,spot_12,Spot 12,Empty,2026-09-18T13:34:18.568608+00:00,,,,,,,,
2026-09-18T13:37:15.086138+00:00,spot_13,Spot 13,Empty,2026-09-18T00:56:19.559398+00:00,,,,,,,,
2026-09-18T13:37:15.086138+00:00,spot_14,Spot 14,Empty,2026-09-18T00:39:15.838015+00:00,,,,,,,,
2026-09-18T13:37:15.086138+00:00,spot_15,Spot 15,Empty,2026-09-18T13:30:21.024512+00:00,,,,,,,,
2026-09-18T13:37:15.086138+00:00,spot_16,Spot 16,Occupied,2026-09-18T13:01:31.189826+00:00,171,car,0.7814640402793884,2142,16.565832138061523,316.968017578125,56.68634796142578,337.4019775390625
2026-09-18T13:37:15.086138+00:00,spot_17,Spot 17,Empty,2026-09-17T18:54:59.211881+00:00,,,,,,,,
2026-09-18T13:38:11.768191+00:00,spot_1,Spot 1,Empty,2026-09-17T23:15:16.570232+00:00,,,,,,,,
2026-09-18T13:38:11.768191+00:00,spot_2,Spot 2,Empty,2026-09-17T18:54:59.211819+00:00,,,,,,,,
2026-09-18T13:38:11.768191+00:00,spot_3,Spot 3,Empty,2026-09-18T00:58:17.721972+00:00,,,,,,,,
2026-09-18T13:38:11.768191+00:00,spot_4,Spot 4,Empty,2026-09-17T19:31:40.829505+00:00,,,,,,,,
2026-09-18T13:38:11.768191+00:00,spot_5,Spot 5,Empty,2026-09-18T13:29:15.996818+00:00,,,,,,,,
2026-09-18T13:38:11.768191+00:00,spot_6,Spot 6,Occupied,2026-09-18T13:29:15.996818+00:00,182,car,0.5475250482559204,540,283.9072265625,321.0390625,368.721435546875,367.8785400390625
2026-09-18T13:38:11.768191+00:00,spot_7,Spot 7,Empty,2026-09-18T01:01:48.664840+00:00,,,,,,,,
2026-09-18T13:38:11.768191+00:00,spot_8,Spot 8,Empty,2026-09-18T13:26:23.489156+00:00,,,,,,,,
2026-09-18T13:38:11.768191+00:00,spot_9,Spot 9,Occupied,2026-09-18T12:45:18.864376+00:00,170,car,0.5846973061561584,3169,147.52227783203125,314.4899673461914,223.74188232421875,353.05747985839844
2026-09-18T13:38:11.768191+00:00,spot_10,Spot 10,Empty,2026-09-18T13:32:16.814581+00:00,,,,,,,,
2026-09-18T13:38:11.768191+00:00,spot_11,Spot 11,Occupied,2026-09-18T13:29:15.996818+00:00,183,car,0.6868667006492615,540,117.67223358154297,323.2082824707031,157.98822021484375,345.6601867675781
2026-09-18T13:38:11.768191+00:00,spot_12,Spot 12,Occupied,2026-09-18T13:38:11.768191+00:00,186,car,0.4114701747894287,0,118.00521850585938,324.6628952026367,134.39776611328125,341.55213928222656
2026-09-18T13:38:11.768191+00:00,spot_13,Spot 13,Empty,2026-09-18T00:56:19.559398+00:00,,,,,,,,
2026-09-18T13:38:11.768191+00:00,spot_14,Spot 14,Empty,2026-09-18T00:39:15.838015+00:00,,,,,,,,
2026-09-18T13:38:11.768191+00:00,spot_15,Spot 15,Empty,2026-09-18T13:30:21.024512+00:00,,,,,,,,
2026-09-18T13:38:11.768191+00:00,spot_16,Spot 16,Occupied,2026-09-18T13:01:31.189826+00:00,171,car,0.7685242295265198,2203,16.32535171508789,316.4932556152344,56.18954086303711,337.2660827636719
2026-09-18T13:38:11.768191+00:00,spot_17,Spot 17,Empty,2026-09-17T18:54:59.211881+00:00,,,,,,,,
2026-09-18T13:39:15.929720+00:00,spot_1,Spot 1,Empty,2026-09-17T23:15:16.570232+00:00,,,,,,,,
2026-09-18T13:39:15.929720+00:00,spot_2,Spot 2,Empty,2026-09-17T18:54:59.211819+00:00,,,,,,,,
2026-09-18T13:39:15.929720+00:00,spot_3,Spot 3,Empty,2026-09-18T00:58:17.721972+00:00,,,,,,,,
2026-09-18T13:39:15.929720+00:00,spot_4,Spot 4,Empty,2026-09-17T19:31:40.829505+00:00,,,,,,,,
2026-09-18T13:39:15.929720+00:00,spot_5,Spot 5,Empty,2026-09-18T13:29:15.996818+00:00,,,,,,,,
2026-09-18T13:39:15.929720+00:00,spot_6,Spot 6,Occupied,2026-09-18T13:29:15.996818+00:00,182,car,0.6340166330337524,600,283.7703857421875,321.02703857421875,367.19708251953125,368.01922607421875
2026-09-18T13:39:15.929720+00:00,spot_7,Spot 7,Empty,2026-09-18T01:01:48.664840+00:00,,,,,,,,
2026-09-18T13:39:15.929720+00:00,spot_8,Spot 8,Empty,2026-09-18T13:26:23.489156+00:00,,,,,,,,
2026-09-18T13:39:15.929720+00:00,spot_9,Spot 9,Occupied,2026-09-18T12:45:18.864376+00:00,170,car,0.5817477107048035,3229,151.3242950439453,313.8555603027344,224.40872192382812,353.2649841308594
2026-09-18T13:39:15.929720+00:00,spot_10,Spot 10,Empty,2026-09-18T13:32:16.814581+00:00,,,,,,,,
2026-09-18T13:39:15.929720+00:00,spot_11,Spot 11,Occupied,2026-09-18T13:29:15.996818+00:00,183,car,0.7452052235603333,600,117.77540588378906,323.16424560546875,160.38783264160156,345.82232666015625
2026-09-18T13:39:15.929720+00:00,spot_12,Spot 12,Empty,2026-09-18T13:39:15.929720+00:00,,,,,,,,
2026-09-18T13:39:15.929720+00:00,spot_13,Spot 13,Empty,2026-09-18T00:56:19.559398+00:00,,,,,,,,
2026-09-18T13:39:15.929720+00:00,spot_14,Spot 14,Empty,2026-09-18T00:39:15.838015+00:00,,,,,,,,
2026-09-18T13:39:15.929720+00:00,spot_15,Spot 15,Empty,2026-09-18T13:30:21.024512+00:00,,,,,,,,
2026-09-18T13:39:15.929720+00:00,spot_16,Spot 16,Occupied,2026-09-18T13:01:31.189826+00:00,171,car,0.8291281461715698,2263,16.22662353515625,317.13153076171875,56.376068115234375,337.36138916015625
2026-09-18T13:39:15.929720+00:00,spot_17,Spot 17,Empty,2026-09-17T18:54:59.211881+00:00,,,,,,,,
2026-09-18T13:40:24.277859+00:00,spot_1,Spot 1,Empty,2026-09-17T23:15:16.570232+00:00,,,,,,,,
2026-09-18T13:40:24.277859+00:00,spot_2,Spot 2,Empty,2026-09-17T18:54:59.211819+00:00,,,,,,,,
2026-09-18T13:40:24.277859+00:00,spot_3,Spot 3,Empty,2026-09-18T00:58:17.721972+00:00,,,,,,,,
2026-09-18T13:40:24.277859+00:00,spot_4,Spot 4,Empty,2026-09-17T19:31:40.829505+00:00,,,,,,,,
2026-09-18T13:40:24.277859+00:00,spot_5,Spot 5,Empty,2026-09-18T13:29:15.996818+00:00,,,,,,,,
2026-09-18T13:40:24.277859+00:00,spot_6,Spot 6,Occupied,2026-09-18T13:29:15.996818+00:00,182,car,0.7942360043525696,678,283.82989501953125,320.9479064941406,367.79266357421875,367.9938659667969
2026-09-18T13:40:24.277859+00:00,spot_7,Spot 7,Empty,2026-09-18T01:01:48.664840+00:00,,,,,,,,
2026-09-18T13:40:24.277859+00:00,spot_8,Spot 8,Empty,2026-09-18T13:26:23.489156+00:00,,,,,,,,
2026-09-18T13:40:24.277859+00:00,spot_9,Spot 9,Occupied,2026-09-18T12:45:18.864376+00:00,170,car,0.6520479917526245,3307,146.087646484375,314.4369201660156,224.67669677734375,353.7027893066406
2026-09-18T13:40:24.277859+00:00,spot_10,Spot 10,Empty,2026-09-18T13:32:16.814581+00:00,,,,,,,,
2026-09-18T13:40:24.277859+00:00,spot_11,Spot 11,Occupied,2026-09-18T13:29:15.996818+00:00,183,car,0.7357146739959717,678,117.32249450683594,323.3657531738281,159.1879119873047,345.7853698730469
2026-09-18T13:40:24.277859+00:00,spot_12,Spot 12,Empty,2026-09-18T13:39:15.929720+00:00,,,,,,,,
2026-09-18T13:40:24.277859+00:00,spot_13,Spot 13,Empty,2026-09-18T00:56:19.559398+00:00,,,,,,,,
2026-09-18T13:40:24.277859+00:00,spot_14,Spot 14,Empty,2026-09-18T00:39:15.838015+00:00,,,,,,,,
2026-09-18T13:40:24.277859+00:00,spot_15,Spot 15,Empty,2026-09-18T13:30:21.024512+00:00,,,,,,,,
2026-09-18T13:40:24.277859+00:00,spot_16,Spot 16,Occupied,2026-09-18T13:01:31.189826+00:00,171,car,0.8308271765708923,2341,16.495725631713867,317.02947998046875,56.32197570800781,337.28900146484375
2026-09-18T13:40:24.277859+00:00,spot_17,Spot 17,Empty,2026-09-17T18:54:59.211881+00:00,,,,,,,,
2026-09-18T13:41:16.358576+00:00,spot_1,Spot 1,Empty,2026-09-17T23:15:16.570232+00:00,,,,,,,,
2026-09-18T13:41:16.358576+00:00,spot_2,Spot 2,Empty,2026-09-17T18:54:59.211819+00:00,,,,,,,,
2026-09-18T13:41:16.358576+00:00,spot_3,Spot 3,Empty,2026-09-18T00:58:17.721972+00:00,,,,,,,,
2026-09-18T13:41:16.358576+00:00,spot_4,Spot 4,Empty,2026-09-17T19:31:40.829505+00:00,,,,,,,,
2026-09-18T13:41:16.358576+00:00,spot_5,Spot 5,Empty,2026-09-18T13:29:15.996818+00:00,,,,,,,,
2026-09-18T13:41:16.358576+00:00,spot_6,Spot 6,Occupied,2026-09-18T13:29:15.996818+00:00,182,car,0.7674275040626526,728,284.09674072265625,320.8470764160156,368.03900146484375,367.7323303222656
2026-09-18T13:41:16.358576+00:00,spot_7,Spot 7,Empty,2026-09-18T01:01:48.664840+00:00,,,,,,,,
2026-09-18T13:41:16.358576+00:00,spot_8,Spot 8,Empty,2026-09-18T13:26:23.489156+00:00,,,,,,,,
2026-09-18T13:41:16.358576+00:00,spot_9,Spot 9,Occupied,2026-09-18T12:45:18.864376+00:00,170,car,0.7040295600891113,3356,146.75466918945312,314.6984558105469,223.90611267089844,352.97735595703125
2026-09-18T13:41:16.358576+00:00,spot_10,Spot 10,Empty,2026-09-18T13:32:16.814581+00:00,,,,,,,,
2026-09-18T13:41:16.358576+00:00,spot_11,Spot 11,Occupied,2026-09-18T13:29:15.996818+00:00,183,car,0.733647882938385,728,117.80216979980469,322.8094482421875,158.73387145996094,345.73388671875
2026-09-18T13:41:16.358576+00:00,spot_12,Spot 12,Empty,2026-09-18T13:39:15.929720+00:00,,,,,,,,
2026-09-18T13:41:16.358576+00:00,spot_13,Spot 13,Empty,2026-09-18T00:56:19.559398+00:00,,,,,,,,
2026-09-18T13:41:16.358576+00:00,spot_14,Spot 14,Empty,2026-09-18T00:39:15.838015+00:00,,,,,,,,
2026-09-18T13:41:16.358576+00:00,spot_15,Spot 15,Empty,2026-09-18T13:30:21.024512+00:00,,,,,,,,
2026-09-18T13:41:16.358576+00:00,spot_16,Spot 16,Occupied,2026-09-18T13:01:31.189826+00:00,171,car,0.8410620093345642,2390,16.767892837524414,316.7951965332031,56.58142852783203,337.3721618652344
2026-09-18T13:41:16.358576+00:00,spot_17,Spot 17,Empty,2026-09-17T18:54:59.211881+00:00,,,,,,,,
2026-09-18T13:42:19.004353+00:00,spot_1,Spot 1,Empty,2026-09-17T23:15:16.570232+00:00,,,,,,,,
2026-09-18T13:42:19.004353+00:00,spot_2,Spot 2,Empty,2026-09-17T18:54:59.211819+00:00,,,,,,,,
2026-09-18T13:42:19.004353+00:00,spot_3,Spot 3,Empty,2026-09-18T00:58:17.721972+00:00,,,,,,,,
2026-09-18T13:42:19.004353+00:00,spot_4,Spot 4,Empty,2026-09-17T19:31:40.829505+00:00,,,,,,,,
2026-09-18T13:42:19.004353+00:00,spot_5,Spot 5,Empty,2026-09-18T13:29:15.996818+00:00,,,,,,,,
2026-09-18T13:42:19.004353+00:00,spot_6,Spot 6,Occupied,2026-09-18T13:29:15.996818+00:00,182,car,0.6513680815696716,786,284.1005859375,321.0257873535156,367.8487548828125,367.8448791503906
2026-09-18T13:42:19.004353+00:00,spot_7,Spot 7,Empty,2026-09-18T01:01:48.664840+00:00,,,,,,,,
2026-09-18T13:42:19.004353+00:00,spot_8,Spot 8,Empty,2026-09-18T13:26:23.489156+00:00,,,,,,,,
2026-09-18T13:42:19.004353+00:00,spot_9,Spot 9,Occupied,2026-09-18T12:45:18.864376+00:00,170,car,0.6620585918426514,3415,147.23480224609375,315.23531341552734,223.95835876464844,352.65504455566406
2026-09-18T13:42:19.004353+00:00,spot_10,Spot 10,Empty,2026-09-18T13:32:16.814581+00:00,,,,,,,,
2026-09-18T13:42:19.004353+00:00,spot_11,Spot 11,Occupied,2026-09-18T13:29:15.996818+00:00,183,car,0.7410509586334229,786,117.67387390136719,323.31964111328125,157.8208465576172,345.73126220703125
2026-09-18T13:42:19.004353+00:00,spot_12,Spot 12,Empty,2026-09-18T13:39:15.929720+00:00,,,,,,,,
2026-09-18T13:42:19.004353+00:00,spot_13,Spot 13,Empty,2026-09-18T00:56:19.559398+00:00,,,,,,,,
2026-09-18T13:42:19.004353+00:00,spot_14,Spot 14,Empty,2026-09-18T00:39:15.838015+00:00,,,,,,,,
2026-09-18T13:42:19.004353+00:00,spot_15,Spot 15,Empty,2026-09-18T13:30:21.024512+00:00,,,,,,,,
2026-09-18T13:42:19.004353+00:00,spot_16,Spot 16,Occupied,2026-09-18T13:01:31.189826+00:00,171,car,0.7894904017448425,2449,16.408737182617188,316.98004150390625,56.27626037597656,337.41302490234375
2026-09-18T13:42:19.004353+00:00,spot_17,Spot 17,Empty,2026-09-17T18:54:59.211881+00:00,,,,,,,,
2026-09-18T13:43:16.366211+00:00,spot_1,Spot 1,Empty,2026-09-17T23:15:16.570232+00:00,,,,,,,,
2026-09-18T13:43:16.366211+00:00,spot_2,Spot 2,Empty,2026-09-17T18:54:59.211819+00:00,,,,,,,,
2026-09-18T13:43:16.366211+00:00,spot_3,Spot 3,Empty,2026-09-18T00:58:17.721972+00:00,,,,,,,,
2026-09-18T13:43:16.366211+00:00,spot_4,Spot 4,Empty,2026-09-17T19:31:40.829505+00:00,,,,,,,,
2026-09-18T13:43:16.366211+00:00,spot_5,Spot 5,Empty,2026-09-18T13:29:15.996818+00:00,,,,,,,,
2026-09-18T13:43:16.366211+00:00,spot_6,Spot 6,Occupied,2026-09-18T13:29:15.996818+00:00,182,car,0.8453660607337952,841,284.16650390625,320.9105529785156,368.4208984375,368.1408386230469
2026-09-18T13:43:16.366211+00:00,spot_7,Spot 7,Empty,2026-09-18T01:01:48.664840+00:00,,,,,,,,
2026-09-18T13:43:16.366211+00:00,spot_8,Spot 8,Empty,2026-09-18T13:26:23.489156+00:00,,,,,,,,
2026-09-18T13:43:16.366211+00:00,spot_9,Spot 9,Occupied,2026-09-18T12:45:18.864376+00:00,170,truck,0.6366240382194519,3470,145.503173828125,313.99578857421875,222.9581298828125,353.534912109375
2026-09-18T13:43:16.366211+00:00,spot_10,Spot 10,Empty,2026-09-18T13:32:16.814581+00:00,,,,,,,,
2026-09-18T13:43:16.366211+00:00,spot_11,Spot 11,Occupied,2026-09-18T13:29:15.996818+00:00,183,car,0.6768245100975037,841,124.0663070678711,323.7946090698242,157.01731872558594,345.7799758911133
2026-09-18T13:43:16.366211+00:00,spot_12,Spot 12,Occupied,2026-09-18T13:43:16.366211+00:00,187,car,0.3906928300857544,0,118.46484375,324.4912109375,135.30563354492188,339.5650100708008
2026-09-18T13:43:16.366211+00:00,spot_13,Spot 13,Empty,2026-09-18T00:56:19.559398+00:00,,,,,,,,
2026-09-18T13:43:16.366211+00:00,spot_14,Spot 14,Empty,2026-09-18T00:39:15.838015+00:00,,,,,,,,
2026-09-18T13:43:16.366211+00:00,spot_15,Spot 15,Empty,2026-09-18T13:30:21.024512+00:00,,,,,,,,
2026-09-18T13:43:16.366211+00:00,spot_16,Spot 16,Occupied,2026-09-18T13:01:31.189826+00:00,171,car,0.8335224986076355,2504,16.94658851623535,317.0199279785156,56.259803771972656,336.84534454345703
2026-09-18T13:43:16.366211+00:00,spot_17,Spot 17,Empty,2026-09-17T18:54:59.211881+00:00,,,,,,,,
2026-09-18T13:44:19.555237+00:00,spot_1,Spot 1,Empty,2026-09-17T23:15:16.570232+00:00,,,,,,,,
2026-09-18T13:44:19.555237+00:00,spot_2,Spot 2,Empty,2026-09-17T18:54:59.211819+00:00,,,,,,,,
2026-09-18T13:44:19.555237+00:00,spot_3,Spot 3,Empty,2026-09-18T00:58:17.721972+00:00,,,,,,,,
2026-09-18T13:44:19.555237+00:00,spot_4,Spot 4,Empty,2026-09-17T19:31:40.829505+00:00,,,,,,,,
2026-09-18T13:44:19.555237+00:00,spot_5,Spot 5,Empty,2026-09-18T13:29:15.996818+00:00,,,,,,,,
2026-09-18T13:44:19.555237+00:00,spot_6,Spot 6,Occupied,2026-09-18T13:29:15.996818+00:00,182,truck,0.6701272130012512,908,284.2478332519531,320.7181701660156,368.4797058105469,367.9184875488281
2026-09-18T13:44:19.555237+00:00,spot_7,Spot 7,Empty,2026-09-18T01:01:48.664840+00:00,,,,,,,,
2026-09-18T13:44:19.555237+00:00,spot_8,Spot 8,Empty,2026-09-18T13:26:23.489156+00:00,,,,,,,,
2026-09-18T13:44:19.555237+00:00,spot_9,Spot 9,Occupied,2026-09-18T12:45:18.864376+00:00,170,car,0.6494770050048828,3537,147.34832763671875,313.23292541503906,223.37965393066406,352.7788543701172
2026-09-18T13:44:19.555237+00:00,spot_10,Spot 10,Empty,2026-09-18T13:32:16.814581+00:00,,,,,,,,
2026-09-18T13:44:19.555237+00:00,spot_11,Spot 11,Occupied,2026-09-18T13:29:15.996818+00:00,183,car,0.7871291637420654,908,117.49365234375,323.30133056640625,161.560791015625,346.1156005859375
2026-09-18T13:44:19.555237+00:00,spot_12,Spot 12,Empty,2026-09-18T13:44:19.555237+00:00,,,,,,,,
2026-09-18T13:44:19.555237+00:00,spot_13,Spot 13,Empty,2026-09-18T00:56:19.559398+00:00,,,,,,,,
2026-09-18T13:44:19.555237+00:00,spot_14,Spot 14,Empty,2026-09-18T00:39:15.838015+00:00,,,,,,,,
2026-09-18T13:44:19.555237+00:00,spot_15,Spot 15,Empty,2026-09-18T13:30:21.024512+00:00,,,,,,,,
2026-09-18T13:44:19.555237+00:00,spot_16,Spot 16,Occupied,2026-09-18T13:01:31.189826+00:00,171,car,0.7381687760353088,2571,15.949371337890625,316.590576171875,56.63562774658203,337.252197265625
2026-09-18T13:44:19.555237+00:00,spot_17,Spot 17,Empty,2026-09-17T18:54:59.211881+00:00,,,,,,,,
2026-09-18T13:45:17.747267+00:00,spot_1,Spot 1,Empty,2026-09-17T23:15:16.570232+00:00,,,,,,,,
2026-09-18T13:45:17.747267+00:00,spot_2,Spot 2,Empty,2026-09-17T18:54:59.211819+00:00,,,,,,,,
2026-09-18T13:45:17.747267+00:00,spot_3,Spot 3,Empty,2026-09-18T00:58:17.721972+00:00,,,,,,,,
2026-09-18T13:45:17.747267+00:00,spot_4,Spot 4,Empty,2026-09-17T19:31:40.829505+00:00,,,,,,,,
2026-09-18T13:45:17.747267+00:00,spot_5,Spot 5,Empty,2026-09-18T13:29:15.996818+00:00,,,,,,,,
2026-09-18T13:45:17.747267+00:00,spot_6,Spot 6,Occupied,2026-09-18T13:29:15.996818+00:00,182,car,0.7059319615364075,970,284.14923095703125,320.8212890625,368.29058837890625,368.013916015625
2026-09-18T13:45:17.747267+00:00,spot_7,Spot 7,Empty,2026-09-18T01:01:48.664840+00:00,,,,,,,,
2026-09-18T13:45:17.747267+00:00,spot_8,Spot 8,Empty,2026-09-18T13:26:23.489156+00:00,,,,,,,,
2026-09-18T13:45:17.747267+00:00,spot_9,Spot 9,Occupied,2026-09-18T12:45:18.864376+00:00,170,car,0.5853041410446167,3599,146.91665649414062,312.8545455932617,223.47235107421875,352.41197204589844
2026-09-18T13:45:17.747267+00:00,spot_10,Spot 10,Empty,2026-09-18T13:32:16.814581+00:00,,,,,,,,
2026-09-18T13:45:17.747267+00:00,spot_11,Spot 11,Occupied,2026-09-18T13:29:15.996818+00:00,183,car,0.7595881819725037,970,117.77764892578125,323.25970458984375,161.39529418945312,345.82928466796875
2026-09-18T13:45:17.747267+00:00,spot_12,Spot 12,Empty,2026-09-18T13:44:19.555237+00:00,,,,,,,,
2026-09-18T13:45:17.747267+00:00,spot_13,Spot 13,Empty,2026-09-18T00:56:19.559398+00:00,,,,,,,,
2026-09-18T13:45:17.747267+00:00,spot_14,Spot 14,Empty,2026-09-18T00:39:15.838015+00:00,,,,,,,,
2026-09-18T13:45:17.747267+00:00,spot_15,Spot 15,Empty,2026-09-18T13:30:21.024512+00:00,,,,,,,,
2026-09-18T13:45:17.747267+00:00,spot_16,Spot 16,Occupied,2026-09-18T13:01:31.189826+00:00,171,car,0.8106807470321655,2633,15.523469924926758,316.70306396484375,56.42364501953125,337.40216064453125
2026-09-18T13:45:17.747267+00:00,spot_17,Spot 17,Empty,2026-09-17T18:54:59.211881+00:00,,,,,,,,
2026-09-18T13:46:22.572203+00:00,spot_1,Spot 1,Empty,2026-09-17T23:15:16.570232+00:00,,,,,,,,
2026-09-18T13:46:22.572203+00:00,spot_2,Spot 2,Empty,2026-09-17T18:54:59.211819+00:00,,,,,,,,
2026-09-18T13:46:22.572203+00:00,spot_3,Spot 3,Empty,2026-09-18T00:58:17.721972+00:00,,,,,,,,
2026-09-18T13:46:22.572203+00:00,spot_4,Spot 4,Empty,2026-09-17T19:31:40.829505+00:00,,,,,,,,
2026-09-18T13:46:22.572203+00:00,spot_5,Spot 5,Empty,2026-09-18T13:29:15.996818+00:00,,,,,,,,
2026-09-18T13:46:22.572203+00:00,spot_6,Spot 6,Occupied,2026-09-18T13:29:15.996818+00:00,182,car,0.6985819339752197,1031,284.146240234375,320.5609130859375,368.648681640625,367.96978759765625
2026-09-18T13:46:22.572203+00:00,spot_7,Spot 7,Empty,2026-09-18T01:01:48.664840+00:00,,,,,,,,
2026-09-18T13:46:22.572203+00:00,spot_8,Spot 8,Empty,2026-09-18T13:26:23.489156+00:00,,,,,,,,
2026-09-18T13:46:22.572203+00:00,spot_9,Spot 9,Occupied,2026-09-18T12:45:18.864376+00:00,170,car,0.7332321405410767,3660,146.15403747558594,314.5914840698242,223.55287170410156,353.06019592285156
2026-09-18T13:46:22.572203+00:00,spot_10,Spot 10,Empty,2026-09-18T13:32:16.814581+00:00,,,,,,,,
2026-09-18T13:46:22.572203+00:00,spot_11,Spot 11,Occupied,2026-09-18T13:29:15.996818+00:00,183,car,0.7851458191871643,1031,117.9258804321289,323.49578857421875,159.77182006835938,345.87939453125
2026-09-18T13:46:22.572203+00:00,spot_12,Spot 12,Empty,2026-09-18T13:44:19.555237+00:00,,,,,,,,
2026-09-18T13:46:22.572203+00:00,spot_13,Spot 13,Empty,2026-09-18T00:56:19.559398+00:00,,,,,,,,
2026-09-18T13:46:22.572203+00:00,spot_14,Spot 14,Empty,2026-09-18T00:39:15.838015+00:00,,,,,,,,
2026-09-18T13:46:22.572203+00:00,spot_15,Spot 15,Empty,2026-09-18T13:30:21.024512+00:00,,,,,,,,
2026-09-18T13:46:22.572203+00:00,spot_16,Spot 16,Occupied,2026-09-18T13:01:31.189826+00:00,171,car,0.8410822749137878,2694,17.37884521484375,316.81396484375,56.40367889404297,337.3365478515625
2026-09-18T13:46:22.572203+00:00,spot_17,Spot 17,Empty,2026-09-17T18:54:59.211881+00:00,,,,,,,,
2026-09-18T13:47:15.480538+00:00,spot_1,Spot 1,Empty,2026-09-17T23:15:16.570232+00:00,,,,,,,,
2026-09-18T13:47:15.480538+00:00,spot_2,Spot 2,Empty,2026-09-17T18:54:59.211819+00:00,,,,,,,,
2026-09-18T13:47:15.480538+00:00,spot_3,Spot 3,Empty,2026-09-18T00:58:17.721972+00:00,,,,,,,,
2026-09-18T13:47:15.480538+00:00,spot_4,Spot 4,Empty,2026-09-17T19:31:40.829505+00:00,,,,,,,,
2026-09-18T13:47:15.480538+00:00,spot_5,Spot 5,Empty,2026-09-18T13:29:15.996818+00:00,,,,,,,,
2026-09-18T13:47:15.480538+00:00,spot_6,Spot 6,Occupied,2026-09-18T13:29:15.996818+00:00,182,car,0.8272302150726318,1079,284.18402099609375,320.89849853515625,368.0101318359375,368.05743408203125
2026-09-18T13:47:15.480538+00:00,spot_7,Spot 7,Empty,2026-09-18T01:01:48.664840+00:00,,,,,,,,
2026-09-18T13:47:15.480538+00:00,spot_8,Spot 8,Empty,2026-09-18T13:26:23.489156+00:00,,,,,,,,
2026-09-18T13:47:15.480538+00:00,spot_9,Spot 9,Occupied,2026-09-18T12:45:18.864376+00:00,170,car,0.6797367930412292,3708,146.3136749267578,314.3684997558594,224.35003662109375,353.2147674560547
2026-09-18T13:47:15.480538+00:00,spot_10,Spot 10,Empty,2026-09-18T13:32:16.814581+00:00,,,,,,,,
2026-09-18T13:47:15.480538+00:00,spot_11,Spot 11,Occupied,2026-09-18T13:29:15.996818+00:00,183,car,0.6975998878479004,1079,118.4788589477539,323.08172607421875,158.39700317382812,345.6941223144531
2026-09-18T13:47:15.480538+00:00,spot_12,Spot 12,Empty,2026-09-18T13:44:19.555237+00:00,,,,,,,,
2026-09-18T13:47:15.480538+00:00,spot_13,Spot 13,Empty,2026-09-18T00:56:19.559398+00:00,,,,,,,,
2026-09-18T13:47:15.480538+00:00,spot_14,Spot 14,Empty,2026-09-18T00:39:15.838015+00:00,,,,,,,,
2026-09-18T13:47:15.480538+00:00,spot_15,Spot 15,Empty,2026-09-18T13:30:21.024512+00:00,,,,,,,,
2026-09-18T13:47:15.480538+00:00,spot_16,Spot 16,Occupied,2026-09-18T13:01:31.189826+00:00,171,car,0.8279275298118591,2742,16.11720848083496,317.26171875,56.761314392089844,337.3822021484375
2026-09-18T13:47:15.480538+00:00,spot_17,Spot 17,Empty,2026-09-17T18:54:59.211881+00:00,,,,,,,,
2026-09-18T13:48:13.876590+00:00,spot_1,Spot 1,Empty,2026-09-17T23:15:16.570232+00:00,,,,,,,,
2026-09-18T13:48:13.876590+00:00,spot_2,Spot 2,Empty,2026-09-17T18:54:59.211819+00:00,,,,,,,,
2026-09-18T13:48:13.876590+00:00,spot_3,Spot 3,Empty,2026-09-18T00:58:17.721972+00:00,,,,,,,,
2026-09-18T13:48:13.876590+00:00,spot_4,Spot 4,Empty,2026-09-17T19:31:40.829505+00:00,,,,,,,,
2026-09-18T13:48:13.876590+00:00,spot_5,Spot 5,Empty,2026-09-18T13:29:15.996818+00:00,,,,,,,,
2026-09-18T13:48:13.876590+00:00,spot_6,Spot 6,Occupied,2026-09-18T13:29:15.996818+00:00,182,car,0.800847053527832,1143,284.0001220703125,320.83599853515625,368.2093505859375,367.57135009765625
2026-09-18T13:48:13.876590+00:00,spot_7,Spot 7,Empty,2026-09-18T01:01:48.664840+00:00,,,,,,,,
2026-09-18T13:48:13.876590+00:00,spot_8,Spot 8,Empty,2026-09-18T13:26:23.489156+00:00,,,,,,,,
2026-09-18T13:48:13.876590+00:00,spot_9,Spot 9,Occupied,2026-09-18T12:45:18.864376+00:00,170,truck,0.5448015928268433,3772,146.37217712402344,314.4590759277344,223.95582580566406,352.5345764160156
2026-09-18T13:48:13.876590+00:00,spot_10,Spot 10,Empty,2026-09-18T13:32:16.814581+00:00,,,,,,,,
2026-09-18T13:48:13.876590+00:00,spot_11,Spot 11,Occupied,2026-09-18T13:29:15.996818+00:00,183,car,0.7383178472518921,1143,117.61851501464844,323.053955078125,158.2592010498047,345.781494140625
2026-09-18T13:48:13.876590+00:00,spot_12,Spot 12,Empty,2026-09-18T13:44:19.555237+00:00,,,,,,,,
2026-09-18T13:48:13.876590+00:00,spot_13,Spot 13,Empty,2026-09-18T00:56:19.559398+00:00,,,,,,,,
2026-09-18T13:48:13.876590+00:00,spot_14,Spot 14,Empty,2026-09-18T00:39:15.838015+00:00,,,,,,,,
2026-09-18T13:48:13.876590+00:00,spot_15,Spot 15,Empty,2026-09-18T13:30:21.024512+00:00,,,,,,,,
2026-09-18T13:48:13.876590+00:00,spot_16,Spot 16,Occupied,2026-09-18T13:01:31.189826+00:00,171,car,0.8583571910858154,2806,16.089927673339844,316.55487060546875,56.46002197265625,337.30572509765625
2026-09-18T13:48:13.876590+00:00,spot_17,Spot 17,Empty,2026-09-17T18:54:59.211881+00:00,,,,,,,,
2026-09-18T13:49:17.760902+00:00,spot_1,Spot 1,Empty,2026-09-17T23:15:16.570232+00:00,,,,,,,,
2026-09-18T13:49:17.760902+00:00,spot_2,Spot 2,Empty,2026-09-17T18:54:59.211819+00:00,,,,,,,,
2026-09-18T13:49:17.760902+00:00,spot_3,Spot 3,Empty,2026-09-18T00:58:17.721972+00:00,,,,,,,,
2026-09-18T13:49:17.760902+00:00,spot_4,Spot 4,Empty,2026-09-17T19:31:40.829505+00:00,,,,,,,,
2026-09-18T13:49:17.760902+00:00,spot_5,Spot 5,Empty,2026-09-18T13:29:15.996818+00:00,,,,,,,,
2026-09-18T13:49:17.760902+00:00,spot_6,Spot 6,Occupied,2026-09-18T13:29:15.996818+00:00,182,car,0.5650606155395508,1204,284.0550537109375,321.0614318847656,367.8526611328125,367.5735168457031
2026-09-18T13:49:17.760902+00:00,spot_7,Spot 7,Empty,2026-09-18T01:01:48.664840+00:00,,,,,,,,
2026-09-18T13:49:17.760902+00:00,spot_8,Spot 8,Empty,2026-09-18T13:26:23.489156+00:00,,,,,,,,
2026-09-18T13:49:17.760902+00:00,spot_9,Spot 9,Occupied,2026-09-18T12:45:18.864376+00:00,170,car,0.5117552280426025,3833,146.88870239257812,314.32923126220703,223.66014099121094,353.3234405517578
2026-09-18T13:49:17.760902+00:00,spot_10,Spot 10,Empty,2026-09-18T13:32:16.814581+00:00,,,,,,,,
2026-09-18T13:49:17.760902+00:00,spot_11,Spot 11,Occupied,2026-09-18T13:29:15.996818+00:00,183,car,0.739886462688446,1204,117.3865737915039,323.1239013671875,158.12503051757812,345.7427978515625
2026-09-18T13:49:17.760902+00:00,spot_12,Spot 12,Empty,2026-09-18T13:44:19.555237+00:00,,,,,,,,
2026-09-18T13:49:17.760902+00:00,spot_13,Spot 13,Empty,2026-09-18T00:56:19.559398+00:00,,,,,,,,
2026-09-18T13:49:17.760902+00:00,spot_14,Spot 14,Empty,2026-09-18T00:39:15.838015+00:00,,,,,,,,
2026-09-18T13:49:17.760902+00:00,spot_15,Spot 15,Occupied,2026-09-18T13:49:17.760902+00:00,188,car,0.29031649231910706,0,45.53162384033203,319.5345764160156,56.28339385986328,333.19219970703125
2026-09-18T13:49:17.760902+00:00,spot_16,Spot 16,Occupied,2026-09-18T13:01:31.189826+00:00,171,car,0.709957480430603,2867,16.561344146728516,317.0784912109375,56.42097091674805,337.3048095703125
2026-09-18T13:49:17.760902+00:00,spot_17,Spot 17,Empty,2026-09-17T18:54:59.211881+00:00,,,,,,,,
2026-09-18T13:50:23.310202+00:00,spot_1,Spot 1,Empty,2026-09-17T23:15:16.570232+00:00,,,,,,,,
2026-09-18T13:50:23.310202+00:00,spot_2,Spot 2,Empty,2026-09-17T18:54:59.211819+00:00,,,,,,,,
2026-09-18T13:50:23.310202+00:00,spot_3,Spot 3,Empty,2026-09-18T00:58:17.721972+00:00,,,,,,,,
2026-09-18T13:50:23.310202+00:00,spot_4,Spot 4,Empty,2026-09-17T19:31:40.829505+00:00,,,,,,,,
2026-09-18T13:50:23.310202+00:00,spot_5,Spot 5,Empty,2026-09-18T13:29:15.996818+00:00,,,,,,,,
2026-09-18T13:50:23.310202+00:00,spot_6,Spot 6,Occupied,2026-09-18T13:29:15.996818+00:00,182,car,0.8003758192062378,1280,283.872802734375,321.010009765625,368.4522705078125,367.94091796875
2026-09-18T13:50:23.310202+00:00,spot_7,Spot 7,Empty,2026-09-18T01:01:48.664840+00:00,,,,,,,,
2026-09-18T13:50:23.310202+00:00,spot_8,Spot 8,Empty,2026-09-18T13:26:23.489156+00:00,,,,,,,,
2026-09-18T13:50:23.310202+00:00,spot_9,Spot 9,Occupied,2026-09-18T12:45:18.864376+00:00,170,truck,0.7005075812339783,3909,146.44288635253906,314.34195709228516,223.6026153564453,353.18247985839844
2026-09-18T13:50:23.310202+00:00,spot_10,Spot 10,Occupied,2026-09-18T13:50:23.310202+00:00,189,car,0.16478051245212555,0,145.55389404296875,320.9563980102539,179.5313720703125,352.78880310058594
2026-09-18T13:50:23.310202+00:00,spot_11,Spot 11,Occupied,2026-09-18T13:29:15.996818+00:00,183,car,0.6976763010025024,1280,117.61797332763672,323.46002197265625,161.0726318359375,345.99041748046875
2026-09-18T13:50:23.310202+00:00,spot_12,Spot 12,Empty,2026-09-18T13:44:19.555237+00:00,,,,,,,,
2026-09-18T13:50:23.310202+00:00,spot_13,Spot 13,Empty,2026-09-18T00:56:19.559398+00:00,,,,,,,,
2026-09-18T13:50:23.310202+00:00,spot_14,Spot 14,Empty,2026-09-18T00:39:15.838015+00:00,,,,,,,,
2026-09-18T13:50:23.310202+00:00,spot_15,Spot 15,Empty,2026-09-18T13:50:23.310202+00:00,,,,,,,,
2026-09-18T13:50:23.310202+00:00,spot_16,Spot 16,Occupied,2026-09-18T13:01:31.189826+00:00,171,car,0.8521758913993835,2943,16.31179428100586,316.56787109375,56.53506088256836,337.4246826171875
2026-09-18T13:50:23.310202+00:00,spot_17,Spot 17,Empty,2026-09-17T18:54:59.211881+00:00,,,,,,,,
2026-09-18T13:51:17.884845+00:00,spot_1,Spot 1,Empty,2026-09-17T23:15:16.570232+00:00,,,,,,,,
2026-09-18T13:51:17.884845+00:00,spot_2,Spot 2,Empty,2026-09-17T18:54:59.211819+00:00,,,,,,,,
2026-09-18T13:51:17.884845+00:00,spot_3,Spot 3,Empty,2026-09-18T00:58:17.721972+00:00,,,,,,,,
2026-09-18T13:51:17.884845+00:00,spot_4,Spot 4,Empty,2026-09-17T19:31:40.829505+00:00,,,,,,,,
2026-09-18T13:51:17.884845+00:00,spot_5,Spot 5,Empty,2026-09-18T13:29:15.996818+00:00,,,,,,,,
2026-09-18T13:51:17.884845+00:00,spot_6,Spot 6,Occupied,2026-09-18T13:29:15.996818+00:00,182,car,0.6920152902603149,1323,284.136962890625,320.7755432128906,367.9754638671875,368.1282043457031
2026-09-18T13:51:17.884845+00:00,spot_7,Spot 7,Empty,2026-09-18T01:01:48.664840+00:00,,,,,,,,
2026-09-18T13:51:17.884845+00:00,spot_8,Spot 8,Empty,2026-09-18T13:26:23.489156+00:00,,,,,,,,
2026-09-18T13:51:17.884845+00:00,spot_9,Spot 9,Occupied,2026-09-18T12:45:18.864376+00:00,170,car,0.6539474725723267,3951,147.9353485107422,314.4118347167969,224.04696655273438,352.6786804199219
2026-09-18T13:51:17.884845+00:00,spot_10,Spot 10,Occupied,2026-09-18T13:50:23.310202+00:00,189,car,0.24573898315429688,42,159.5063018798828,321.78619384765625,179.4387969970703,348.51244354248047
2026-09-18T13:51:17.884845+00:00,spot_11,Spot 11,Occupied,2026-09-18T13:29:15.996818+00:00,183,car,0.7164261341094971,1323,117.71215057373047,323.7077331542969,159.96270751953125,346.1010437011719
2026-09-18T13:51:17.884845+00:00,spot_12,Spot 12,Empty,2026-09-18T13:44:19.555237+00:00,,,,,,,,
2026-09-18T13:51:17.884845+00:00,spot_13,Spot 13,Empty,2026-09-18T00:56:19.559398+00:00,,,,,,,,
2026-09-18T13:51:17.884845+00:00,spot_14,Spot 14,Empty,2026-09-18T00:39:15.838015+00:00,,,,,,,,
2026-09-18T13:51:17.884845+00:00,spot_15,Spot 15,Empty,2026-09-18T13:50:23.310202+00:00,,,,,,,,
2026-09-18T13:51:17.884845+00:00,spot_16,Spot 16,Occupied,2026-09-18T13:01:31.189826+00:00,171,car,0.8463118076324463,2985,16.755069732666016,316.4861373901367,56.26207733154297,336.6142272949219
2026-09-18T13:51:17.884845+00:00,spot_17,Spot 17,Empty,2026-09-17T18:54:59.211881+00:00,,,,,,,,
2026-09-18T13:52:17.402550+00:00,spot_1,Spot 1,Empty,2026-09-17T23:15:16.570232+00:00,,,,,,,,
2026-09-18T13:52:17.402550+00:00,spot_2,Spot 2,Empty,2026-09-17T18:54:59.211819+00:00,,,,,,,,
2026-09-18T13:52:17.402550+00:00,spot_3,Spot 3,Empty,2026-09-18T00:58:17.721972+00:00,,,,,,,,
2026-09-18T13:52:17.402550+00:00,spot_4,Spot 4,Empty,2026-09-17T19:31:40.829505+00:00,,,,,,,,
2026-09-18T13:52:17.402550+00:00,spot_5,Spot 5,Empty,2026-09-18T13:29:15.996818+00:00,,,,,,,,
2026-09-18T13:52:17.402550+00:00,spot_6,Spot 6,Occupied,2026-09-18T13:29:15.996818+00:00,182,car,0.6608355641365051,1383,283.89617919921875,320.69012451171875,367.91693115234375,368.01763916015625
2026-09-18T13:52:17.402550+00:00,spot_7,Spot 7,Empty,2026-09-18T01:01:48.664840+00:00,,,,,,,,
2026-09-18T13:52:17.402550+00:00,spot_8,Spot 8,Empty,2026-09-18T13:26:23.489156+00:00,,,,,,,,
2026-09-18T13:52:17.402550+00:00,spot_9,Spot 9,Occupied,2026-09-18T12:45:18.864376+00:00,170,car,0.5374627113342285,4012,154.7766571044922,314.26856994628906,224.36865234375,352.92588806152344
2026-09-18T13:52:17.402550+00:00,spot_10,Spot 10,Empty,2026-09-18T13:52:17.402550+00:00,,,,,,,,
2026-09-18T13:52:17.402550+00:00,spot_11,Spot 11,Occupied,2026-09-18T13:29:15.996818+00:00,183,car,0.832032322883606,1383,117.72225952148438,323.402587890625,161.36453247070312,346.0782470703125
2026-09-18T13:52:17.402550+00:00,spot_12,Spot 12,Empty,2026-09-18T13:44:19.555237+00:00,,,,,,,,
2026-09-18T13:52:17.402550+00:00,spot_13,Spot 13,Empty,2026-09-18T00:56:19.559398+00:00,,,,,,,,
2026-09-18T13:52:17.402550+00:00,spot_14,Spot 14,Empty,2026-09-18T00:39:15.838015+00:00,,,,,,,,
2026-09-18T13:52:17.402550+00:00,spot_15,Spot 15,Empty,2026-09-18T13:50:23.310202+00:00,,,,,,,,
2026-09-18T13:52:17.402550+00:00,spot_16,Spot 16,Occupied,2026-09-18T13:01:31.189826+00:00,171,car,0.8471253514289856,3046,15.618476867675781,316.7251281738281,56.814483642578125,337.2353210449219
2026-09-18T13:52:17.402550+00:00,spot_17,Spot 17,Empty,2026-09-17T18:54:59.211881+00:00,,,,,,,,
2026-09-18T13:53:14.066652+00:00,spot_1,Spot 1,Empty,2026-09-17T23:15:16.570232+00:00,,,,,,,,
2026-09-18T13:53:14.066652+00:00,spot_2,Spot 2,Empty,2026-09-17T18:54:59.211819+00:00,,,,,,,,
2026-09-18T13:53:14.066652+00:00,spot_3,Spot 3,Empty,2026-09-18T00:58:17.721972+00:00,,,,,,,,
2026-09-18T13:53:14.066652+00:00,spot_4,Spot 4,Empty,2026-09-17T19:31:40.829505+00:00,,,,,,,,
2026-09-18T13:53:14.066652+00:00,spot_5,Spot 5,Empty,2026-09-18T13:29:15.996818+00:00,,,,,,,,
2026-09-18T13:53:14.066652+00:00,spot_6,Spot 6,Occupied,2026-09-18T13:29:15.996818+00:00,182,car,0.7670387029647827,1439,284.171630859375,320.7250061035156,368.5396728515625,367.9744567871094
2026-09-18T13:53:14.066652+00:00,spot_7,Spot 7,Empty,2026-09-18T01:01:48.664840+00:00,,,,,,,,
2026-09-18T13:53:14.066652+00:00,spot_8,Spot 8,Empty,2026-09-18T13:26:23.489156+00:00,,,,,,,,
2026-09-18T13:53:14.066652+00:00,spot_9,Spot 9,Occupied,2026-09-18T12:45:18.864376+00:00,170,car,0.5535227060317993,4067,146.58944702148438,314.5499496459961,223.5864715576172,353.523193359375
2026-09-18T13:53:14.066652+00:00,spot_10,Spot 10,Empty,2026-09-18T13:52:17.402550+00:00,,,,,,,,
2026-09-18T13:53:14.066652+00:00,spot_11,Spot 11,Occupied,2026-09-18T13:29:15.996818+00:00,183,car,0.731002151966095,1439,118.34977722167969,324.03851318359375,161.1741180419922,345.76959228515625
2026-09-18T13:53:14.066652+00:00,spot_12,Spot 12,Empty,2026-09-18T13:44:19.555237+00:00,,,,,,,,
2026-09-18T13:53:14.066652+00:00,spot_13,Spot 13,Empty,2026-09-18T00:56:19.559398+00:00,,,,,,,,
2026-09-18T13:53:14.066652+00:00,spot_14,Spot 14,Empty,2026-09-18T00:39:15.838015+00:00,,,,,,,,
2026-09-18T13:53:14.066652+00:00,spot_15,Spot 15,Occupied,2026-09-18T13:53:14.066652+00:00,190,car,0.4278142750263214,0,44.62812423706055,319.02974700927734,56.31818389892578,330.7548370361328
2026-09-18T13:53:14.066652+00:00,spot_16,Spot 16,Occupied,2026-09-18T13:01:31.189826+00:00,171,car,0.8356859683990479,3101,15.951187133789062,316.99554443359375,56.65613555908203,337.51043701171875
2026-09-18T13:53:14.066652+00:00,spot_17,Spot 17,Empty,2026-09-17T18:54:59.211881+00:00,,,,,,,,
2026-09-18T13:54:15.631224+00:00,spot_1,Spot 1,Empty,2026-09-17T23:15:16.570232+00:00,,,,,,,,
2026-09-18T13:54:15.631224+00:00,spot_2,Spot 2,Empty,2026-09-17T18:54:59.211819+00:00,,,,,,,,
2026-09-18T13:54:15.631224+00:00,spot_3,Spot 3,Occupied,2026-09-18T13:54:15.631224+00:00,191,car,0.8960756063461304,0,461.58392333984375,319.7040100097656,512.6735229492188,359.9024353027344
2026-09-18T13:54:15.631224+00:00,spot_4,Spot 4,Empty,2026-09-17T19:31:40.829505+00:00,,,,,,,,
2026-09-18T13:54:15.631224+00:00,spot_5,Spot 5,Empty,2026-09-18T13:29:15.996818+00:00,,,,,,,,
2026-09-18T13:54:15.631224+00:00,spot_6,Spot 6,Occupied,2026-09-18T13:29:15.996818+00:00,182,car,0.7449162602424622,1502,284.05926513671875,320.8515319824219,368.69207763671875,368.0074768066406
2026-09-18T13:54:15.631224+00:00,spot_7,Spot 7,Empty,2026-09-18T01:01:48.664840+00:00,,,,,,,,
2026-09-18T13:54:15.631224+00:00,spot_8,Spot 8,Empty,2026-09-18T13:26:23.489156+00:00,,,,,,,,
2026-09-18T13:54:15.631224+00:00,spot_9,Spot 9,Occupied,2026-09-18T12:45:18.864376+00:00,170,truck,0.6923292279243469,4131,146.48031616210938,313.6236877441406,224.64883422851562,354.0520324707031
2026-09-18T13:54:15.631224+00:00,spot_10,Spot 10,Empty,2026-09-18T13:52:17.402550+00:00,,,,,,,,
2026-09-18T13:54:15.631224+00:00,spot_11,Spot 11,Occupied,2026-09-18T13:29:15.996818+00:00,183,car,0.6075476408004761,1502,119.7284927368164,324.3107604980469,161.61428833007812,346.0243835449219
2026-09-18T13:54:15.631224+00:00,spot_12,Spot 12,Empty,2026-09-18T13:44:19.555237+00:00,,,,,,,,
2026-09-18T13:54:15.631224+00:00,spot_13,Spot 13,Empty,2026-09-18T00:56:19.559398+00:00,,,,,,,,
2026-09-18T13:54:15.631224+00:00,spot_14,Spot 14,Empty,2026-09-18T00:39:15.838015+00:00,,,,,,,,
2026-09-18T13:54:15.631224+00:00,spot_15,Spot 15,Empty,2026-09-18T13:54:15.631224+00:00,,,,,,,,
2026-09-18T13:54:15.631224+00:00,spot_16,Spot 16,Occupied,2026-09-18T13:01:31.189826+00:00,171,car,0.8636660575866699,3165,15.872486114501953,316.7437744140625,56.56340408325195,337.5054931640625
2026-09-18T13:54:15.631224+00:00,spot_17,Spot 17,Empty,2026-09-17T18:54:59.211881+00:00,,,,,,,,
2026-09-18T13:55:17.092238+00:00,spot_1,Spot 1,Empty,2026-09-17T23:15:16.570232+00:00,,,,,,,,
2026-09-18T13:55:17.092238+00:00,spot_2,Spot 2,Empty,2026-09-17T18:54:59.211819+00:00,,,,,,,,
2026-09-18T13:55:17.092238+00:00,spot_3,Spot 3,Occupied,2026-09-18T13:54:15.631224+00:00,191,car,0.7952098250389099,67,453.5697021484375,319.4586181640625,512.4047241210938,360.0068359375
2026-09-18T13:55:17.092238+00:00,spot_4,Spot 4,Empty,2026-09-17T19:31:40.829505+00:00,,,,,,,,
2026-09-18T13:55:17.092238+00:00,spot_5,Spot 5,Empty,2026-09-18T13:29:15.996818+00:00,,,,,,,,
2026-09-18T13:55:17.092238+00:00,spot_6,Spot 6,Occupied,2026-09-18T13:29:15.996818+00:00,182,car,0.6399846076965332,1569,284.2083740234375,320.74530029296875,368.2313232421875,367.72393798828125
2026-09-18T13:55:17.092238+00:00,spot_7,Spot 7,Empty,2026-09-18T01:01:48.664840+00:00,,,,,,,,
2026-09-18T13:55:17.092238+00:00,spot_8,Spot 8,Empty,2026-09-18T13:26:23.489156+00:00,,,,,,,,
2026-09-18T13:55:17.092238+00:00,spot_9,Spot 9,Occupied,2026-09-18T12:45:18.864376+00:00,170,truck,0.5625548362731934,4198,145.98214721679688,313.73919677734375,224.39096069335938,353.55072021484375
2026-09-18T13:55:17.092238+00:00,spot_10,Spot 10,Empty,2026-09-18T13:52:17.402550+00:00,,,,,,,,
2026-09-18T13:55:17.092238+00:00,spot_11,Spot 11,Occupied,2026-09-18T13:29:15.996818+00:00,183,car,0.796337366104126,1569,118.02957153320312,324.1082763671875,160.89816284179688,346.0638427734375
2026-09-18T13:55:17.092238+00:00,spot_12,Spot 12,Empty,2026-09-18T13:44:19.555237+00:00,,,,,,,,
2026-09-18T13:55:17.092238+00:00,spot_13,Spot 13,Empty,2026-09-18T00:56:19.559398+00:00,,,,,,,,
2026-09-18T13:55:17.092238+00:00,spot_14,Spot 14,Empty,2026-09-18T00:39:15.838015+00:00,,,,,,,,
2026-09-18T13:55:17.092238+00:00,spot_15,Spot 15,Empty,2026-09-18T13:54:15.631224+00:00,,,,,,,,
2026-09-18T13:55:17.092238+00:00,spot_16,Spot 16,Occupied,2026-09-18T13:01:31.189826+00:00,171,car,0.870403528213501,3232,15.852832794189453,316.74102783203125,56.66872787475586,337.19476318359375
2026-09-18T13:55:17.092238+00:00,spot_17,Spot 17,Empty,2026-09-17T18:54:59.211881+00:00,,,,,,,,
2026-09-18T13:56:26.319863+00:00,spot_1,Spot 1,Empty,2026-09-17T23:15:16.570232+00:00,,,,,,,,
2026-09-18T13:56:26.319863+00:00,spot_2,Spot 2,Empty,2026-09-17T18:54:59.211819+00:00,,,,,,,,
2026-09-18T13:56:26.319863+00:00,spot_3,Spot 3,Occupied,2026-09-18T13:54:15.631224+00:00,191,car,0.8663035035133362,131,460.793212890625,318.9532165527344,512.5660400390625,359.6916809082031
2026-09-18T13:56:26.319863+00:00,spot_4,Spot 4,Empty,2026-09-17T19:31:40.829505+00:00,,,,,,,,
2026-09-18T13:56:26.319863+00:00,spot_5,Spot 5,Empty,2026-09-18T13:29:15.996818+00:00,,,,,,,,
2026-09-18T13:56:26.319863+00:00,spot_6,Spot 6,Occupied,2026-09-18T13:29:15.996818+00:00,182,car,0.811937153339386,1634,283.8853454589844,320.6655578613281,367.2102966308594,368.1636047363281
2026-09-18T13:56:26.319863+00:00,spot_7,Spot 7,Occupied,2026-09-18T13:56:26.319863+00:00,192,car,0.8612226247787476,0,213.91888427734375,325.217529296875,281.3616943359375,358.54931640625
2026-09-18T13:56:26.319863+00:00,spot_8,Spot 8,Occupied,2026-09-18T13:56:26.319863+00:00,193,car,0.7959275841712952,0,214.95327758789062,320.52488708496094,246.92747497558594,357.951171875
2026-09-18T13:56:26.319863+00:00,spot_9,Spot 9,Occupied,2026-09-18T12:45:18.864376+00:00,170,truck,0.5250244736671448,4262,145.97854614257812,313.300537109375,225.43154907226562,353.9691162109375
2026-09-18T13:56:26.319863+00:00,spot_10,Spot 10,Empty,2026-09-18T13:52:17.402550+00:00,,,,,,,,
2026-09-18T13:56:26.319863+00:00,spot_11,Spot 11,Occupied,2026-09-18T13:29:15.996818+00:00,183,car,0.8021264672279358,1634,117.578857421875,323.2647399902344,161.28659057617188,345.7921447753906
2026-09-18T13:56:26.319863+00:00,spot_12,Spot 12,Empty,2026-09-18T13:44:19.555237+00:00,,,,,,,,
2026-09-18T13:56:26.319863+00:00,spot_13,Spot 13,Empty,2026-09-18T00:56:19.559398+00:00,,,,,,,,
2026-09-18T13:56:26.319863+00:00,spot_14,Spot 14,Empty,2026-09-18T00:39:15.838015+00:00,,,,,,,,
2026-09-18T13:56:26.319863+00:00,spot_15,Spot 15,Occupied,2026-09-18T13:56:26.319863+00:00,194,car,0.2389882206916809,0,45.634273529052734,319.58131408691406,56.25387954711914,333.10755157470703
2026-09-18T13:56:26.319863+00:00,spot_16,Spot 16,Occupied,2026-09-18T13:01:31.189826+00:00,171,car,0.8338603973388672,3296,17.215726852416992,316.6167297363281,56.49009704589844,337.5965270996094
2026-09-18T13:56:26.319863+00:00,spot_17,Spot 17,Empty,2026-09-17T18:54:59.211881+00:00,,,,,,,,
2026-09-18T13:57:21.440570+00:00,spot_1,Spot 1,Empty,2026-09-17T23:15:16.570232+00:00,,,,,,,,
2026-09-18T13:57:21.440570+00:00,spot_2,Spot 2,Empty,2026-09-17T18:54:59.211819+00:00,,,,,,,,
2026-09-18T13:57:21.440570+00:00,spot_3,Spot 3,Occupied,2026-09-18T13:54:15.631224+00:00,191,car,0.8961299657821655,185,461.15106201171875,319.61895751953125,512.4324340820312,359.51397705078125
2026-09-18T13:57:21.440570+00:00,spot_4,Spot 4,Empty,2026-09-17T19:31:40.829505+00:00,,,,,,,,
2026-09-18T13:57:21.440570+00:00,spot_5,Spot 5,Empty,2026-09-18T13:29:15.996818+00:00,,,,,,,,
2026-09-18T13:57:21.440570+00:00,spot_6,Spot 6,Occupied,2026-09-18T13:29:15.996818+00:00,182,car,0.8649592995643616,1687,284.10382080078125,320.9111328125,368.47186279296875,368.044677734375
2026-09-18T13:57:21.440570+00:00,spot_7,Spot 7,Occupied,2026-09-18T13:56:26.319863+00:00,192,car,0.8901152610778809,53,213.62332153320312,325.4504699707031,281.8658752441406,358.7416076660156
2026-09-18T13:57:21.440570+00:00,spot_8,Spot 8,Occupied,2026-09-18T13:56:26.319863+00:00,193,car,0.6246779561042786,53,213.968994140625,326.96814727783203,246.94903564453125,357.7490234375
2026-09-18T13:57:21.440570+00:00,spot_9,Spot 9,Occupied,2026-09-18T12:45:18.864376+00:00,170,car,0.5975931882858276,4316,145.40499877929688,313.8353271484375,223.97195434570312,354.00146484375
2026-09-18T13:57:21.440570+00:00,spot_10,Spot 10,Empty,2026-09-18T13:52:17.402550+00:00,,,,,,,,
2026-09-18T13:57:21.440570+00:00,spot_11,Spot 11,Occupied,2026-09-18T13:29:15.996818+00:00,183,car,0.778182327747345,1687,117.48274993896484,323.3550720214844,160.73440551757812,345.9576721191406
2026-09-18T13:57:21.440570+00:00,spot_12,Spot 12,Empty,2026-09-18T13:44:19.555237+00:00,,,,,,,,
2026-09-18T13:57:21.440570+00:00,spot_13,Spot 13,Empty,2026-09-18T00:56:19.559398+00:00,,,,,,,,
2026-09-18T13:57:21.440570+00:00,spot_14,Spot 14,Empty,2026-09-18T00:39:15.838015+00:00,,,,,,,,
2026-09-18T13:57:21.440570+00:00,spot_15,Spot 15,Empty,2026-09-18T13:57:21.440570+00:00,,,,,,,,
2026-09-18T13:57:21.440570+00:00,spot_16,Spot 16,Occupied,2026-09-18T13:01:31.189826+00:00,171,car,0.8412931561470032,3350,15.494705200195312,316.57330322265625,56.62476348876953,337.17620849609375
2026-09-18T13:57:21.440570+00:00,spot_17,Spot 17,Empty,2026-09-17T18:54:59.211881+00:00,,,,,,,,
2026-09-18T13:58:16.683305+00:00,spot_1,Spot 1,Empty,2026-09-17T23:15:16.570232+00:00,,,,,,,,
2026-09-18T13:58:16.683305+00:00,spot_2,Spot 2,Empty,2026-09-17T18:54:59.211819+00:00,,,,,,,,
2026-09-18T13:58:16.683305+00:00,spot_3,Spot 3,Occupied,2026-09-18T13:54:15.631224+00:00,191,car,0.7920790910720825,242,409.72686767578125,343.2732238769531,514.9618530273438,416.8739318847656
2026-09-18T13:58:16.683305+00:00,spot_4,Spot 4,Empty,2026-09-17T19:31:40.829505+00:00,,,,,,,,
2026-09-18T13:58:16.683305+00:00,spot_5,Spot 5,Empty,2026-09-18T13:29:15.996818+00:00,,,,,,,,
2026-09-18T13:58:16.683305+00:00,spot_6,Spot 6,Occupied,2026-09-18T13:29:15.996818+00:00,182,car,0.7384451031684875,1744,284.2838439941406,321.0002136230469,366.9054260253906,367.6155090332031
2026-09-18T13:58:16.683305+00:00,spot_7,Spot 7,Occupied,2026-09-18T13:56:26.319863+00:00,192,car,0.8487672805786133,110,255.63299560546875,319.03472900390625,304.66864013671875,358.86431884765625
2026-09-18T13:58:16.683305+00:00,spot_8,Spot 8,Occupied,2026-09-18T13:56:26.319863+00:00,193,car,0.8401536345481873,110,213.78427124023438,325.4112548828125,262.7113342285156,358.7750244140625
2026-09-18T13:58:16.683305+00:00,spot_9,Spot 9,Occupied,2026-09-18T12:45:18.864376+00:00,170,car,0.505812406539917,4373,146.114501953125,313.7137451171875,224.0477294921875,353.3895263671875
2026-09-18T13:58:16.683305+00:00,spot_10,Spot 10,Empty,2026-09-18T13:52:17.402550+00:00,,,,,,,,
2026-09-18T13:58:16.683305+00:00,spot_11,Spot 11,Occupied,2026-09-18T13:29:15.996818+00:00,183,car,0.687109649181366,1744,117.71745300292969,323.22735595703125,160.8609161376953,345.90118408203125
2026-09-18T13:58:16.683305+00:00,spot_12,Spot 12,Empty,2026-09-18T13:44:19.555237+00:00,,,,,,,,
2026-09-18T13:58:16.683305+00:00,spot_13,Spot 13,Empty,2026-09-18T00:56:19.559398+00:00,,,,,,,,
2026-09-18T13:58:16.683305+00:00,spot_14,Spot 14,Empty,2026-09-18T00:39:15.838015+00:00,,,,,,,,
2026-09-18T13:58:16.683305+00:00,spot_15,Spot 15,Empty,2026-09-18T13:57:21.440570+00:00,,,,,,,,
2026-09-18T13:58:16.683305+00:00,spot_16,Spot 16,Occupied,2026-09-18T13:01:31.189826+00:00,171,car,0.8566997051239014,3407,16.003793716430664,316.8055419921875,56.63811492919922,337.5177001953125
2026-09-18T13:58:16.683305+00:00,spot_17,Spot 17,Empty,2026-09-17T18:54:59.211881+00:00,,,,,,,,
2026-09-18T13:59:16.473733+00:00,spot_1,Spot 1,Empty,2026-09-17T23:15:16.570232+00:00,,,,,,,,
2026-09-18T13:59:16.473733+00:00,spot_2,Spot 2,Empty,2026-09-17T18:54:59.211819+00:00,,,,,,,,
2026-09-18T13:59:16.473733+00:00,spot_3,Spot 3,Empty,2026-09-18T13:59:16.473733+00:00,,,,,,,,
2026-09-18T13:59:16.473733+00:00,spot_4,Spot 4,Empty,2026-09-17T19:31:40.829505+00:00,,,,,,,,
2026-09-18T13:59:16.473733+00:00,spot_5,Spot 5,Empty,2026-09-18T13:29:15.996818+00:00,,,,,,,,
2026-09-18T13:59:16.473733+00:00,spot_6,Spot 6,Occupied,2026-09-18T13:29:15.996818+00:00,182,car,0.7638599872589111,1801,284.20367431640625,321.0552978515625,366.11480712890625,367.24951171875
2026-09-18T13:59:16.473733+00:00,spot_7,Spot 7,Occupied,2026-09-18T13:56:26.319863+00:00,192,car,0.8265627026557922,167,255.17208862304688,319.5614013671875,304.5718078613281,357.531982421875
2026-09-18T13:59:16.473733+00:00,spot_8,Spot 8,Empty,2026-09-18T13:59:16.473733+00:00,,,,,,,,
2026-09-18T13:59:16.473733+00:00,spot_9,Spot 9,Occupied,2026-09-18T12:45:18.864376+00:00,170,car,0.5634443759918213,4430,146.43838500976562,313.3210144042969,224.64480590820312,353.8882751464844
2026-09-18T13:59:16.473733+00:00,spot_10,Spot 10,Empty,2026-09-18T13:52:17.402550+00:00,,,,,,,,
2026-09-18T13:59:16.473733+00:00,spot_11,Spot 11,Occupied,2026-09-18T13:29:15.996818+00:00,183,car,0.777868390083313,1801,117.63343811035156,323.84661865234375,159.7958221435547,345.91729736328125
2026-09-18T13:59:16.473733+00:00,spot_12,Spot 12,Empty,2026-09-18T13:44:19.555237+00:00,,,,,,,,
2026-09-18T13:59:16.473733+00:00,spot_13,Spot 13,Empty,2026-09-18T00:56:19.559398+00:00,,,,,,,,
2026-09-18T13:59:16.473733+00:00,spot_14,Spot 14,Empty,2026-09-18T00:39:15.838015+00:00,,,,,,,,
2026-09-18T13:59:16.473733+00:00,spot_15,Spot 15,Empty,2026-09-18T13:57:21.440570+00:00,,,,,,,,
2026-09-18T13:59:16.473733+00:00,spot_16,Spot 16,Occupied,2026-09-18T13:01:31.189826+00:00,171,car,0.8297694325447083,3464,16.93526268005371,316.96209716796875,56.58165740966797,337.19158935546875
2026-09-18T13:59:16.473733+00:00,spot_17,Spot 17,Empty,2026-09-17T18:54:59.211881+00:00,,,,,,,,
2026-09-18T14:00:32.572442+00:00,spot_1,Spot 1,Empty,2026-09-17T23:15:16.570232+00:00,,,,,,,,
2026-09-18T14:00:32.572442+00:00,spot_2,Spot 2,Empty,2026-09-17T18:54:59.211819+00:00,,,,,,,,
2026-09-18T14:00:32.572442+00:00,spot_3,Spot 3,Empty,2026-09-18T13:59:16.473733+00:00,,,,,,,,
2026-09-18T14:00:32.572442+00:00,spot_4,Spot 4,Empty,2026-09-17T19:31:40.829505+00:00,,,,,,,,
2026-09-18T14:00:32.572442+00:00,spot_5,Spot 5,Empty,2026-09-18T13:29:15.996818+00:00,,,,,,,,
2026-09-18T14:00:32.572442+00:00,spot_6,Spot 6,Occupied,2026-09-18T13:29:15.996818+00:00,182,truck,0.37098193168640137,1890,284.13043212890625,320.9539489746094,362.88336181640625,367.8006286621094
2026-09-18T14:00:32.572442+00:00,spot_7,Spot 7,Occupied,2026-09-18T13:56:26.319863+00:00,192,car,0.7674006223678589,255,255.3946533203125,318.5738525390625,300.69012451171875,358.14251708984375
2026-09-18T14:00:32.572442+00:00,spot_8,Spot 8,Empty,2026-09-18T13:59:16.473733+00:00,,,,,,,,
2026-09-18T14:00:32.572442+00:00,spot_9,Spot 9,Occupied,2026-09-18T12:45:18.864376+00:00,170,truck,0.6311244368553162,4518,145.73880004882812,313.60150146484375,224.63644409179688,353.34918212890625
2026-09-18T14:00:32.572442+00:00,spot_10,Spot 10,Empty,2026-09-18T13:52:17.402550+00:00,,,,,,,,
2026-09-18T14:00:32.572442+00:00,spot_11,Spot 11,Occupied,2026-09-18T13:29:15.996818+00:00,183,car,0.7401796579360962,1890,117.70223999023438,323.49041748046875,160.61569213867188,345.69952392578125
2026-09-18T14:00:32.572442+00:00,spot_12,Spot 12,Empty,2026-09-18T13:44:19.555237+00:00,,,,,,,,
2026-09-18T14:00:32.572442+00:00,spot_13,Spot 13,Empty,2026-09-18T00:56:19.559398+00:00,,,,,,,,
2026-09-18T14:00:32.572442+00:00,spot_14,Spot 14,Empty,2026-09-18T00:39:15.838015+00:00,,,,,,,,
2026-09-18T14:00:32.572442+00:00,spot_15,Spot 15,Empty,2026-09-18T13:57:21.440570+00:00,,,,,,,,
2026-09-18T14:00:32.572442+00:00,spot_16,Spot 16,Occupied,2026-09-18T13:01:31.189826+00:00,171,car,0.843375027179718,3552,16.15557098388672,316.84417724609375,56.47369384765625,337.40496826171875
2026-09-18T14:00:32.572442+00:00,spot_17,Spot 17,Empty,2026-09-17T18:54:59.211881+00:00,,,,,,,,
2026-09-18T14:01:28.830073+00:00,spot_1,Spot 1,Empty,2026-09-17T23:15:16.570232+00:00,,,,,,,,
2026-09-18T14:01:28.830073+00:00,spot_2,Spot 2,Empty,2026-09-17T18:54:59.211819+00:00,,,,,,,,
2026-09-18T14:01:28.830073+00:00,spot_3,Spot 3,Empty,2026-09-18T13:59:16.473733+00:00,,,,,,,,
2026-09-18T14:01:28.830073+00:00,spot_4,Spot 4,Empty,2026-09-17T19:31:40.829505+00:00,,,,,,,,
2026-09-18T14:01:28.830073+00:00,spot_5,Spot 5,Empty,2026-09-18T13:29:15.996818+00:00,,,,,,,,
2026-09-18T14:01:28.830073+00:00,spot_6,Spot 6,Occupied,2026-09-18T13:29:15.996818+00:00,182,car,0.5755840539932251,1935,284.42498779296875,320.88214111328125,365.905517578125,367.58868408203125
2026-09-18T14:01:28.830073+00:00,spot_7,Spot 7,Occupied,2026-09-18T13:56:26.319863+00:00,192,car,0.7914264798164368,301,255.19068908691406,319.3439636230469,304.83642578125,358.5599670410156
2026-09-18T14:01:28.830073+00:00,spot_8,Spot 8,Empty,2026-09-18T13:59:16.473733+00:00,,,,,,,,
2026-09-18T14:01:28.830073+00:00,spot_9,Spot 9,Occupied,2026-09-18T12:45:18.864376+00:00,170,car,0.5440083146095276,4563,149.15823364257812,314.1898422241211,224.19512939453125,353.14208984375
2026-09-18T14:01:28.830073+00:00,spot_10,Spot 10,Empty,2026-09-18T13:52:17.402550+00:00,,,,,,,,
2026-09-18T14:01:28.830073+00:00,spot_11,Spot 11,Occupied,2026-09-18T13:29:15.996818+00:00,183,car,0.744057834148407,1935,118.30386352539062,323.70318603515625,161.4527587890625,345.64825439453125
2026-09-18T14:01:28.830073+00:00,spot_12,Spot 12,Empty,2026-09-18T13:44:19.555237+00:00,,,,,,,,
2026-09-18T14:01:28.830073+00:00,spot_13,Spot 13,Empty,2026-09-18T00:56:19.559398+00:00,,,,,,,,
2026-09-18T14:01:28.830073+00:00,spot_14,Spot 14,Empty,2026-09-18T00:39:15.838015+00:00,,,,,,,,
2026-09-18T14:01:28.830073+00:00,spot_15,Spot 15,Empty,2026-09-18T13:57:21.440570+00:00,,,,,,,,
2026-09-18T14:01:28.830073+00:00,spot_16,Spot 16,Occupied,2026-09-18T13:01:31.189826+00:00,171,car,0.8687433004379272,3597,16.28047752380371,316.70721435546875,56.631065368652344,337.3770751953125
2026-09-18T14:01:28.830073+00:00,spot_17,Spot 17,Empty,2026-09-17T18:54:59.211881+00:00,,,,,,,,
2026-09-18T14:02:16.554420+00:00,spot_1,Spot 1,Empty,2026-09-17T23:15:16.570232+00:00,,,,,,,,
2026-09-18T14:02:16.554420+00:00,spot_2,Spot 2,Empty,2026-09-17T18:54:59.211819+00:00,,,,,,,,
2026-09-18T14:02:16.554420+00:00,spot_3,Spot 3,Empty,2026-09-18T13:59:16.473733+00:00,,,,,,,,
2026-09-18T14:02:16.554420+00:00,spot_4,Spot 4,Empty,2026-09-17T19:31:40.829505+00:00,,,,,,,,
2026-09-18T14:02:16.554420+00:00,spot_5,Spot 5,Empty,2026-09-18T13:29:15.996818+00:00,,,,,,,,
2026-09-18T14:02:16.554420+00:00,spot_6,Spot 6,Occupied,2026-09-18T13:29:15.996818+00:00,182,car,0.6854882836341858,1982,284.26019287109375,320.710693359375,363.86639404296875,368.32012939453125
2026-09-18T14:02:16.554420+00:00,spot_7,Spot 7,Occupied,2026-09-18T13:56:26.319863+00:00,192,car,0.7608714699745178,348,255.1868896484375,317.9481201171875,303.4150390625,357.6700439453125
2026-09-18T14:02:16.554420+00:00,spot_8,Spot 8,Empty,2026-09-18T13:59:16.473733+00:00,,,,,,,,
2026-09-18T14:02:16.554420+00:00,spot_9,Spot 9,Occupied,2026-09-18T12:45:18.864376+00:00,170,car,0.6833508014678955,4611,151.21141052246094,314.3783416748047,224.37844848632812,352.92047119140625
2026-09-18T14:02:16.554420+00:00,spot_10,Spot 10,Empty,2026-09-18T13:52:17.402550+00:00,,,,,,,,
2026-09-18T14:02:16.554420+00:00,spot_11,Spot 11,Occupied,2026-09-18T13:29:15.996818+00:00,183,car,0.7931981086730957,1982,117.70408630371094,323.41387939453125,160.84715270996094,345.90972900390625
2026-09-18T14:02:16.554420+00:00,spot_12,Spot 12,Empty,2026-09-18T13:44:19.555237+00:00,,,,,,,,
2026-09-18T14:02:16.554420+00:00,spot_13,Spot 13,Empty,2026-09-18T00:56:19.559398+00:00,,,,,,,,
2026-09-18T14:02:16.554420+00:00,spot_14,Spot 14,Empty,2026-09-18T00:39:15.838015+00:00,,,,,,,,
2026-09-18T14:02:16.554420+00:00,spot_15,Spot 15,Empty,2026-09-18T13:57:21.440570+00:00,,,,,,,,
2026-09-18T14:02:16.554420+00:00,spot_16,Spot 16,Occupied,2026-09-18T13:01:31.189826+00:00,171,car,0.8584096431732178,3645,16.26753807067871,316.74444580078125,56.504539489746094,336.89556884765625
2026-09-18T14:02:16.554420+00:00,spot_17,Spot 17,Empty,2026-09-17T18:54:59.211881+00:00,,,,,,,,
2026-09-18T14:03:12.985022+00:00,spot_1,Spot 1,Empty,2026-09-17T23:15:16.570232+00:00,,,,,,,,
2026-09-18T14:03:12.985022+00:00,spot_2,Spot 2,Empty,2026-09-17T18:54:59.211819+00:00,,,,,,,,
2026-09-18T14:03:12.985022+00:00,spot_3,Spot 3,Empty,2026-09-18T13:59:16.473733+00:00,,,,,,,,
2026-09-18T14:03:12.985022+00:00,spot_4,Spot 4,Empty,2026-09-17T19:31:40.829505+00:00,,,,,,,,
2026-09-18T14:03:12.985022+00:00,spot_5,Spot 5,Empty,2026-09-18T13:29:15.996818+00:00,,,,,,,,
2026-09-18T14:03:12.985022+00:00,spot_6,Spot 6,Occupied,2026-09-18T13:29:15.996818+00:00,182,car,0.7623364925384521,2037,284.13165283203125,320.8189697265625,367.36029052734375,367.88671875
2026-09-18T14:03:12.985022+00:00,spot_7,Spot 7,Occupied,2026-09-18T13:56:26.319863+00:00,192,car,0.7883656024932861,403,250.10366821289062,318.10162353515625,304.3668518066406,357.99835205078125
2026-09-18T14:03:12.985022+00:00,spot_8,Spot 8,Empty,2026-09-18T13:59:16.473733+00:00,,,,,,,,
2026-09-18T14:03:12.985022+00:00,spot_9,Spot 9,Occupied,2026-09-18T12:45:18.864376+00:00,170,truck,0.597446858882904,4666,145.70489501953125,313.34521484375,224.79345703125,353.4595947265625
2026-09-18T14:03:12.985022+00:00,spot_10,Spot 10,Empty,2026-09-18T13:52:17.402550+00:00,,,,,,,,
2026-09-18T14:03:12.985022+00:00,spot_11,Spot 11,Occupied,2026-09-18T13:29:15.996818+00:00,183,car,0.6867152452468872,2037,119.8544692993164,324.12713623046875,160.58810424804688,345.896728515625
2026-09-18T14:03:12.985022+00:00,spot_12,Spot 12,Empty,2026-09-18T13:44:19.555237+00:00,,,,,,,,
2026-09-18T14:03:12.985022+00:00,spot_13,Spot 13,Empty,2026-09-18T00:56:19.559398+00:00,,,,,,,,
2026-09-18T14:03:12.985022+00:00,spot_14,Spot 14,Empty,2026-09-18T00:39:15.838015+00:00,,,,,,,,
2026-09-18T14:03:12.985022+00:00,spot_15,Spot 15,Empty,2026-09-18T13:57:21.440570+00:00,,,,,,,,
2026-09-18T14:03:12.985022+00:00,spot_16,Spot 16,Occupied,2026-09-18T13:01:31.189826+00:00,171,car,0.8124158382415771,3700,15.448648452758789,316.96771240234375,56.68092346191406,337.04718017578125
2026-09-18T14:03:12.985022+00:00,spot_17,Spot 17,Empty,2026-09-17T18:54:59.211881+00:00,,,,,,,,
2026-09-18T14:04:14.451671+00:00,spot_1,Spot 1,Empty,2026-09-17T23:15:16.570232+00:00,,,,,,,,
2026-09-18T14:04:14.451671+00:00,spot_2,Spot 2,Empty,2026-09-17T18:54:59.211819+00:00,,,,,,,,
2026-09-18T14:04:14.451671+00:00,spot_3,Spot 3,Empty,2026-09-18T13:59:16.473733+00:00,,,,,,,,
2026-09-18T14:04:14.451671+00:00,spot_4,Spot 4,Empty,2026-09-17T19:31:40.829505+00:00,,,,,,,,
2026-09-18T14:04:14.451671+00:00,spot_5,Spot 5,Empty,2026-09-18T13:29:15.996818+00:00,,,,,,,,
2026-09-18T14:04:14.451671+00:00,spot_6,Spot 6,Occupied,2026-09-18T13:29:15.996818+00:00,182,car,0.6871773600578308,2102,284.19207763671875,321.02130126953125,366.47259521484375,367.96490478515625
2026-09-18T14:04:14.451671+00:00,spot_7,Spot 7,Occupied,2026-09-18T13:56:26.319863+00:00,192,car,0.7693668007850647,467,255.40843200683594,316.77069091796875,304.7830810546875,358.246337890625
2026-09-18T14:04:14.451671+00:00,spot_8,Spot 8,Empty,2026-09-18T13:59:16.473733+00:00,,,,,,,,
2026-09-18T14:04:14.451671+00:00,spot_9,Spot 9,Occupied,2026-09-18T12:45:18.864376+00:00,170,car,0.6787334680557251,4730,147.46092224121094,314.69195556640625,224.4903564453125,353.08160400390625
2026-09-18T14:04:14.451671+00:00,spot_10,Spot 10,Empty,2026-09-18T13:52:17.402550+00:00,,,,,,,,
2026-09-18T14:04:14.451671+00:00,spot_11,Spot 11,Occupied,2026-09-18T13:29:15.996818+00:00,183,car,0.6289065480232239,2102,119.15304565429688,323.2403564453125,158.03466796875,345.64237213134766
2026-09-18T14:04:14.451671+00:00,spot_12,Spot 12,Empty,2026-09-18T13:44:19.555237+00:00,,,,,,,,
2026-09-18T14:04:14.451671+00:00,spot_13,Spot 13,Empty,2026-09-18T00:56:19.559398+00:00,,,,,,,,
2026-09-18T14:04:14.451671+00:00,spot_14,Spot 14,Empty,2026-09-18T00:39:15.838015+00:00,,,,,,,,
2026-09-18T14:04:14.451671+00:00,spot_15,Spot 15,Empty,2026-09-18T13:57:21.440570+00:00,,,,,,,,
2026-09-18T14:04:14.451671+00:00,spot_16,Spot 16,Occupied,2026-09-18T13:01:31.189826+00:00,171,car,0.867094874382019,3764,15.86508846282959,316.28185272216797,56.3497200012207,336.6280212402344
2026-09-18T14:04:14.451671+00:00,spot_17,Spot 17,Empty,2026-09-17T18:54:59.211881+00:00,,,,,,,,
2026-09-18T14:05:18.179300+00:00,spot_1,Spot 1,Empty,2026-09-17T23:15:16.570232+00:00,,,,,,,,
2026-09-18T14:05:18.179300+00:00,spot_2,Spot 2,Empty,2026-09-17T18:54:59.211819+00:00,,,,,,,,
2026-09-18T14:05:18.179300+00:00,spot_3,Spot 3,Empty,2026-09-18T13:59:16.473733+00:00,,,,,,,,
2026-09-18T14:05:18.179300+00:00,spot_4,Spot 4,Empty,2026-09-17T19:31:40.829505+00:00,,,,,,,,
2026-09-18T14:05:18.179300+00:00,spot_5,Spot 5,Empty,2026-09-18T13:29:15.996818+00:00,,,,,,,,
2026-09-18T14:05:18.179300+00:00,spot_6,Spot 6,Occupied,2026-09-18T13:29:15.996818+00:00,182,car,0.7453017234802246,2169,284.3752136230469,320.91455078125,367.1880798339844,367.7557373046875
2026-09-18T14:05:18.179300+00:00,spot_7,Spot 7,Occupied,2026-09-18T13:56:26.319863+00:00,192,car,0.7243097424507141,535,255.08322143554688,318.26336669921875,303.2239074707031,357.95684814453125
2026-09-18T14:05:18.179300+00:00,spot_8,Spot 8,Empty,2026-09-18T13:59:16.473733+00:00,,,,,,,,
2026-09-18T14:05:18.179300+00:00,spot_9,Spot 9,Occupied,2026-09-18T12:45:18.864376+00:00,170,truck,0.5516140460968018,4798,145.69647216796875,313.671630859375,224.26266479492188,353.50341796875
2026-09-18T14:05:18.179300+00:00,spot_10,Spot 10,Occupied,2026-09-18T14:05:18.179300+00:00,196,car,0.17643937468528748,0,147.085693359375,322.46197509765625,176.61276245117188,352.6834411621094
2026-09-18T14:05:18.179300+00:00,spot_11,Spot 11,Occupied,2026-09-18T13:29:15.996818+00:00,183,car,0.7572430968284607,2169,117.77019500732422,323.5527114868164,158.88304138183594,346.20953369140625
2026-09-18T14:05:18.179300+00:00,spot_12,Spot 12,Empty,2026-09-18T13:44:19.555237+00:00,,,,,,,,
2026-09-18T14:05:18.179300+00:00,spot_13,Spot 13,Empty,2026-09-18T00:56:19.559398+00:00,,,,,,,,
2026-09-18T14:05:18.179300+00:00,spot_14,Spot 14,Empty,2026-09-18T00:39:15.838015+00:00,,,,,,,,
2026-09-18T14:05:18.179300+00:00,spot_15,Spot 15,Empty,2026-09-18T13:57:21.440570+00:00,,,,,,,,
2026-09-18T14:05:18.179300+00:00,spot_16,Spot 16,Occupied,2026-09-18T13:01:31.189826+00:00,171,car,0.8530469536781311,3832,16.186765670776367,316.9939880371094,56.553741455078125,337.4128112792969
2026-09-18T14:05:18.179300+00:00,spot_17,Spot 17,Empty,2026-09-17T18:54:59.211881+00:00,,,,,,,,
2026-09-18T14:06:28.999346+00:00,spot_1,Spot 1,Empty,2026-09-17T23:15:16.570232+00:00,,,,,,,,
2026-09-18T14:06:28.999346+00:00,spot_2,Spot 2,Empty,2026-09-17T18:54:59.211819+00:00,,,,,,,,
2026-09-18T14:06:28.999346+00:00,spot_3,Spot 3,Occupied,2026-09-18T14:06:28.999346+00:00,197,car,0.5167335867881775,0,446.19110107421875,319.41583251953125,498.69805908203125,368.04095458984375
2026-09-18T14:06:28.999346+00:00,spot_4,Spot 4,Empty,2026-09-17T19:31:40.829505+00:00,,,,,,,,
2026-09-18T14:06:28.999346+00:00,spot_5,Spot 5,Empty,2026-09-18T13:29:15.996818+00:00,,,,,,,,
2026-09-18T14:06:28.999346+00:00,spot_6,Spot 6,Occupied,2026-09-18T13:29:15.996818+00:00,182,car,0.6168332695960999,2236,284.3096923828125,320.930908203125,366.3819580078125,367.99285888671875
2026-09-18T14:06:28.999346+00:00,spot_7,Spot 7,Occupied,2026-09-18T13:56:26.319863+00:00,192,car,0.770239531993866,602,255.27450561523438,318.7716064453125,303.3867492675781,358.00146484375
2026-09-18T14:06:28.999346+00:00,spot_8,Spot 8,Empty,2026-09-18T13:59:16.473733+00:00,,,,,,,,
2026-09-18T14:06:28.999346+00:00,spot_9,Spot 9,Occupied,2026-09-18T12:45:18.864376+00:00,170,car,0.6675452589988708,4865,146.29074096679688,313.3763427734375,224.63735961914062,352.931396484375
2026-09-18T14:06:28.999346+00:00,spot_10,Spot 10,Empty,2026-09-18T14:06:28.999346+00:00,,,,,,,,
2026-09-18T14:06:28.999346+00:00,spot_11,Spot 11,Occupied,2026-09-18T13:29:15.996818+00:00,183,car,0.6321078538894653,2236,123.1884994506836,323.8755798339844,158.45391845703125,345.96607208251953
2026-09-18T14:06:28.999346+00:00,spot_12,Spot 12,Empty,2026-09-18T13:44:19.555237+00:00,,,,,,,,
2026-09-18T14:06:28.999346+00:00,spot_13,Spot 13,Empty,2026-09-18T00:56:19.559398+00:00,,,,,,,,
2026-09-18T14:06:28.999346+00:00,spot_14,Spot 14,Empty,2026-09-18T00:39:15.838015+00:00,,,,,,,,
2026-09-18T14:06:28.999346+00:00,spot_15,Spot 15,Empty,2026-09-18T13:57:21.440570+00:00,,,,,,,,
2026-09-18T14:06:28.999346+00:00,spot_16,Spot 16,Occupied,2026-09-18T13:01:31.189826+00:00,171,car,0.8365960717201233,3899,16.37782859802246,316.70159912109375,56.58135223388672,337.44549560546875
2026-09-18T14:06:28.999346+00:00,spot_17,Spot 17,Empty,2026-09-17T18:54:59.211881+00:00,,,,,,,,
2026-09-18T14:07:17.039898+00:00,spot_1,Spot 1,Empty,2026-09-17T23:15:16.570232+00:00,,,,,,,,
2026-09-18T14:07:17.039898+00:00,spot_2,Spot 2,Empty,2026-09-17T18:54:59.211819+00:00,,,,,,,,
2026-09-18T14:07:17.039898+00:00,spot_3,Spot 3,Occupied,2026-09-18T14:06:28.999346+00:00,197,car,0.5167335867881775,45,446.19110107421875,319.41583251953125,498.69805908203125,368.04095458984375
2026-09-18T14:07:17.039898+00:00,spot_4,Spot 4,Empty,2026-09-17T19:31:40.829505+00:00,,,,,,,,
2026-09-18T14:07:17.039898+00:00,spot_5,Spot 5,Empty,2026-09-18T13:29:15.996818+00:00,,,,,,,,
2026-09-18T14:07:17.039898+00:00,spot_6,Spot 6,Occupied,2026-09-18T13:29:15.996818+00:00,182,car,0.6168332695960999,2281,284.3096923828125,320.930908203125,366.3819580078125,367.99285888671875
2026-09-18T14:07:17.039898+00:00,spot_7,Spot 7,Occupied,2026-09-18T13:56:26.319863+00:00,192,car,0.770239531993866,647,255.27450561523438,318.7716064453125,303.3867492675781,358.00146484375
2026-09-18T14:07:17.039898+00:00,spot_8,Spot 8,Empty,2026-09-18T13:59:16.473733+00:00,,,,,,,,
2026-09-18T14:07:17.039898+00:00,spot_9,Spot 9,Occupied,2026-09-18T12:45:18.864376+00:00,170,car,0.6675452589988708,4910,146.29074096679688,313.3763427734375,224.63735961914062,352.931396484375
2026-09-18T14:07:17.039898+00:00,spot_10,Spot 10,Empty,2026-09-18T14:06:28.999346+00:00,,,,,,,,
2026-09-18T14:07:17.039898+00:00,spot_11,Spot 11,Occupied,2026-09-18T13:29:15.996818+00:00,183,car,0.6321078538894653,2281,123.1884994506836,323.8755798339844,158.45391845703125,345.96607208251953
2026-09-18T14:07:17.039898+00:00,spot_12,Spot 12,Empty,2026-09-18T13:44:19.555237+00:00,,,,,,,,
2026-09-18T14:07:17.039898+00:00,spot_13,Spot 13,Empty,2026-09-18T00:56:19.559398+00:00,,,,,,,,
2026-09-18T14:07:17.039898+00:00,spot_14,Spot 14,Empty,2026-09-18T00:39:15.838015+00:00,,,,,,,,
2026-09-18T14:07:17.039898+00:00,spot_15,Spot 15,Empty,2026-09-18T13:57:21.440570+00:00,,,,,,,,
2026-09-18T14:07:17.039898+00:00,spot_16,Spot 16,Occupied,2026-09-18T13:01:31.189826+00:00,171,car,0.8365960717201233,3944,16.37782859802246,316.70159912109375,56.58135223388672,337.44549560546875
2026-09-18T14:07:17.039898+00:00,spot_17,Spot 17,Empty,2026-09-17T18:54:59.211881+00:00,,,,,,,,
2026-09-18T14:08:15.366558+00:00,spot_1,Spot 1,Empty,2026-09-17T23:15:16.570232+00:00,,,,,,,,
2026-09-18T14:08:15.366558+00:00,spot_2,Spot 2,Empty,2026-09-17T18:54:59.211819+00:00,,,,,,,,
2026-09-18T14:08:15.366558+00:00,spot_3,Spot 3,Occupied,2026-09-18T14:06:28.999346+00:00,197,car,0.6519542932510376,106,447.82513427734375,325.93060302734375,497.97393798828125,367.69842529296875
2026-09-18T14:08:15.366558+00:00,spot_4,Spot 4,Empty,2026-09-17T19:31:40.829505+00:00,,,,,,,,
2026-09-18T14:08:15.366558+00:00,spot_5,Spot 5,Empty,2026-09-18T13:29:15.996818+00:00,,,,,,,,
2026-09-18T14:08:15.366558+00:00,spot_6,Spot 6,Occupied,2026-09-18T13:29:15.996818+00:00,182,car,0.716042160987854,2343,284.2845458984375,320.814453125,366.3055419921875,368.097900390625
2026-09-18T14:08:15.366558+00:00,spot_7,Spot 7,Occupied,2026-09-18T13:56:26.319863+00:00,192,car,0.8332720994949341,709,255.13047790527344,318.41314697265625,303.5826416015625,358.01129150390625
2026-09-18T14:08:15.366558+00:00,spot_8,Spot 8,Empty,2026-09-18T13:59:16.473733+00:00,,,,,,,,
2026-09-18T14:08:15.366558+00:00,spot_9,Spot 9,Occupied,2026-09-18T12:45:18.864376+00:00,170,car,0.5013117790222168,4972,146.45880126953125,314.1922607421875,224.54473876953125,353.2127685546875
2026-09-18T14:08:15.366558+00:00,spot_10,Spot 10,Empty,2026-09-18T14:06:28.999346+00:00,,,,,,,,
2026-09-18T14:08:15.366558+00:00,spot_11,Spot 11,Occupied,2026-09-18T13:29:15.996818+00:00,183,car,0.7217144966125488,2343,117.44923400878906,323.5960693359375,161.44752502441406,345.6292724609375
2026-09-18T14:08:15.366558+00:00,spot_12,Spot 12,Occupied,2026-09-18T14:08:15.366558+00:00,198,car,0.35646045207977295,0,118.32706451416016,324.1695098876953,134.4947509765625,340.2370834350586
2026-09-18T14:08:15.366558+00:00,spot_13,Spot 13,Empty,2026-09-18T00:56:19.559398+00:00,,,,,,,,
2026-09-18T14:08:15.366558+00:00,spot_14,Spot 14,Empty,2026-09-18T00:39:15.838015+00:00,,,,,,,,
2026-09-18T14:08:15.366558+00:00,spot_15,Spot 15,Occupied,2026-09-18T14:08:15.366558+00:00,199,car,0.3401700258255005,0,45.14202880859375,319.6036376953125,56.157169342041016,332.7918014526367
2026-09-18T14:08:15.366558+00:00,spot_16,Spot 16,Occupied,2026-09-18T13:01:31.189826+00:00,171,car,0.8224939703941345,4006,16.41420555114746,316.80731201171875,56.852272033691406,337.15557861328125
2026-09-18T14:08:15.366558+00:00,spot_17,Spot 17,Empty,2026-09-17T18:54:59.211881+00:00,,,,,,,,
2026-09-18T14:09:19.751330+00:00,spot_1,Spot 1,Empty,2026-09-17T23:15:16.570232+00:00,,,,,,,,
2026-09-18T14:09:19.751330+00:00,spot_2,Spot 2,Empty,2026-09-17T18:54:59.211819+00:00,,,,,,,,
2026-09-18T14:09:19.751330+00:00,spot_3,Spot 3,Occupied,2026-09-18T14:06:28.999346+00:00,197,truck,0.5466514229774475,168,446.9315185546875,318.9324645996094,516.2632446289062,367.9568786621094
2026-09-18T14:09:19.751330+00:00,spot_4,Spot 4,Empty,2026-09-17T19:31:40.829505+00:00,,,,,,,,
2026-09-18T14:09:19.751330+00:00,spot_5,Spot 5,Empty,2026-09-18T13:29:15.996818+00:00,,,,,,,,
2026-09-18T14:09:19.751330+00:00,spot_6,Spot 6,Occupied,2026-09-18T13:29:15.996818+00:00,182,car,0.8110398650169373,2405,284.2874755859375,321.03997802734375,366.7698974609375,368.09417724609375
2026-09-18T14:09:19.751330+00:00,spot_7,Spot 7,Occupied,2026-09-18T13:56:26.319863+00:00,192,car,0.796961784362793,771,255.08056640625,318.7803955078125,300.545654296875,357.6212158203125
2026-09-18T14:09:19.751330+00:00,spot_8,Spot 8,Empty,2026-09-18T13:59:16.473733+00:00,,,,,,,,
2026-09-18T14:09:19.751330+00:00,spot_9,Spot 9,Occupied,2026-09-18T12:45:18.864376+00:00,170,car,0.7337735891342163,5034,147.74441528320312,313.7091751098633,223.40582275390625,353.1991271972656
2026-09-18T14:09:19.751330+00:00,spot_10,Spot 10,Empty,2026-09-18T14:06:28.999346+00:00,,,,,,,,
2026-09-18T14:09:19.751330+00:00,spot_11,Spot 11,Occupied,2026-09-18T13:29:15.996818+00:00,183,car,0.5924980640411377,2405,117.5545883178711,322.892822265625,159.30325317382812,345.6041259765625
2026-09-18T14:09:19.751330+00:00,spot_12,Spot 12,Empty,2026-09-18T14:09:19.751330+00:00,,,,,,,,
2026-09-18T14:09:19.751330+00:00,spot_13,Spot 13,Empty,2026-09-18T00:56:19.559398+00:00,,,,,,,,
2026-09-18T14:09:19.751330+00:00,spot_14,Spot 14,Empty,2026-09-18T00:39:15.838015+00:00,,,,,,,,
2026-09-18T14:09:19.751330+00:00,spot_15,Spot 15,Empty,2026-09-18T14:09:19.751330+00:00,,,,,,,,
2026-09-18T14:09:19.751330+00:00,spot_16,Spot 16,Occupied,2026-09-18T13:01:31.189826+00:00,171,car,0.8123394846916199,4068,16.324419021606445,316.30474853515625,56.65122985839844,337.24713134765625
2026-09-18T14:09:19.751330+00:00,spot_17,Spot 17,Empty,2026-09-17T18:54:59.211881+00:00,,,,,,,,
2026-09-18T14:10:24.858105+00:00,spot_1,Spot 1,Empty,2026-09-17T23:15:16.570232+00:00,,,,,,,,
2026-09-18T14:10:24.858105+00:00,spot_2,Spot 2,Empty,2026-09-17T18:54:59.211819+00:00,,,,,,,,
2026-09-18T14:10:24.858105+00:00,spot_3,Spot 3,Empty,2026-09-18T14:10:24.858105+00:00,,,,,,,,
2026-09-18T14:10:24.858105+00:00,spot_4,Spot 4,Empty,2026-09-17T19:31:40.829505+00:00,,,,,,,,
2026-09-18T14:10:24.858105+00:00,spot_5,Spot 5,Empty,2026-09-18T13:29:15.996818+00:00,,,,,,,,
2026-09-18T14:10:24.858105+00:00,spot_6,Spot 6,Occupied,2026-09-18T13:29:15.996818+00:00,182,car,0.766939640045166,2484,284.18115234375,320.8094482421875,366.8382568359375,367.9183349609375
2026-09-18T14:10:24.858105+00:00,spot_7,Spot 7,Occupied,2026-09-18T13:56:26.319863+00:00,192,car,0.690952718257904,849,255.2763671875,317.08538818359375,303.6873779296875,357.70819091796875
2026-09-18T14:10:24.858105+00:00,spot_8,Spot 8,Empty,2026-09-18T13:59:16.473733+00:00,,,,,,,,
2026-09-18T14:10:24.858105+00:00,spot_9,Spot 9,Occupied,2026-09-18T12:45:18.864376+00:00,170,car,0.7505742311477661,5112,147.97039794921875,313.4706802368164,224.19337463378906,353.35028076171875
2026-09-18T14:10:24.858105+00:00,spot_10,Spot 10,Empty,2026-09-18T14:06:28.999346+00:00,,,,,,,,
2026-09-18T14:10:24.858105+00:00,spot_11,Spot 11,Occupied,2026-09-18T13:29:15.996818+00:00,183,car,0.72850501537323,2484,118.4219741821289,323.7750930786133,156.93751525878906,345.7666320800781
2026-09-18T14:10:24.858105+00:00,spot_12,Spot 12,Empty,2026-09-18T14:09:19.751330+00:00,,,,,,,,
2026-09-18T14:10:24.858105+00:00,spot_13,Spot 13,Empty,2026-09-18T00:56:19.559398+00:00,,,,,,,,
2026-09-18T14:10:24.858105+00:00,spot_14,Spot 14,Empty,2026-09-18T00:39:15.838015+00:00,,,,,,,,
2026-09-18T14:10:24.858105+00:00,spot_15,Spot 15,Empty,2026-09-18T14:09:19.751330+00:00,,,,,,,,
2026-09-18T14:10:24.858105+00:00,spot_16,Spot 16,Occupied,2026-09-18T13:01:31.189826+00:00,171,car,0.843885064125061,4146,16.275259017944336,316.540771484375,56.654136657714844,337.4305419921875
2026-09-18T14:10:24.858105+00:00,spot_17,Spot 17,Empty,2026-09-17T18:54:59.211881+00:00,,,,,,,,
2026-09-18T14:11:18.255631+00:00,spot_1,Spot 1,Empty,2026-09-17T23:15:16.570232+00:00,,,,,,,,
2026-09-18T14:11:18.255631+00:00,spot_2,Spot 2,Empty,2026-09-17T18:54:59.211819+00:00,,,,,,,,
2026-09-18T14:11:18.255631+00:00,spot_3,Spot 3,Occupied,2026-09-18T14:11:18.255631+00:00,201,car,0.43241024017333984,0,446.61328125,313.6319580078125,513.3099365234375,367.6573486328125
2026-09-18T14:11:18.255631+00:00,spot_4,Spot 4,Empty,2026-09-17T19:31:40.829505+00:00,,,,,,,,
2026-09-18T14:11:18.255631+00:00,spot_5,Spot 5,Empty,2026-09-18T13:29:15.996818+00:00,,,,,,,,
2026-09-18T14:11:18.255631+00:00,spot_6,Spot 6,Occupied,2026-09-18T13:29:15.996818+00:00,182,car,0.9109225869178772,2524,284.61529541015625,320.89697265625,368.41851806640625,367.8857421875
2026-09-18T14:11:18.255631+00:00,spot_7,Spot 7,Occupied,2026-09-18T13:56:26.319863+00:00,192,car,0.8203462958335876,889,255.48280334472656,317.38623046875,305.2225341796875,358.3096923828125
2026-09-18T14:11:18.255631+00:00,spot_8,Spot 8,Empty,2026-09-18T13:59:16.473733+00:00,,,,,,,,
2026-09-18T14:11:18.255631+00:00,spot_9,Spot 9,Occupied,2026-09-18T12:45:18.864376+00:00,170,car,0.5880606770515442,5152,146.7554931640625,312.7262954711914,224.20286560058594,353.03607177734375
2026-09-18T14:11:18.255631+00:00,spot_10,Spot 10,Occupied,2026-09-18T14:11:18.255631+00:00,200,car,0.46795666217803955,0,146.63548278808594,322.83858489990234,176.11654663085938,353.14454650878906
2026-09-18T14:11:18.255631+00:00,spot_11,Spot 11,Occupied,2026-09-18T13:29:15.996818+00:00,183,car,0.7258130311965942,2524,117.4788818359375,322.8644104003906,159.89105224609375,345.8626403808594
2026-09-18T14:11:18.255631+00:00,spot_12,Spot 12,Empty,2026-09-18T14:09:19.751330+00:00,,,,,,,,
2026-09-18T14:11:18.255631+00:00,spot_13,Spot 13,Empty,2026-09-18T00:56:19.559398+00:00,,,,,,,,
2026-09-18T14:11:18.255631+00:00,spot_14,Spot 14,Empty,2026-09-18T00:39:15.838015+00:00,,,,,,,,
2026-09-18T14:11:18.255631+00:00,spot_15,Spot 15,Empty,2026-09-18T14:09:19.751330+00:00,,,,,,,,
2026-09-18T14:11:18.255631+00:00,spot_16,Spot 16,Occupied,2026-09-18T13:01:31.189826+00:00,171,car,0.8464480042457581,4186,15.918188095092773,316.8394775390625,56.67344665527344,337.3072509765625
2026-09-18T14:11:18.255631+00:00,spot_17,Spot 17,Empty,2026-09-17T18:54:59.211881+00:00,,,,,,,,
2026-09-18T14:12:17.977135+00:00,spot_1,Spot 1,Empty,2026-09-17T23:15:16.570232+00:00,,,,,,,,
2026-09-18T14:12:17.977135+00:00,spot_2,Spot 2,Empty,2026-09-17T18:54:59.211819+00:00,,,,,,,,
2026-09-18T14:12:17.977135+00:00,spot_3,Spot 3,Occupied,2026-09-18T14:11:18.255631+00:00,201,truck,0.5927860736846924,61,446.94439697265625,316.0284729003906,512.3577270507812,367.4268493652344
2026-09-18T14:12:17.977135+00:00,spot_4,Spot 4,Empty,2026-09-17T19:31:40.829505+00:00,,,,,,,,
2026-09-18T14:12:17.977135+00:00,spot_5,Spot 5,Empty,2026-09-18T13:29:15.996818+00:00,,,,,,,,
2026-09-18T14:12:17.977135+00:00,spot_6,Spot 6,Occupied,2026-09-18T13:29:15.996818+00:00,182,car,0.7702827453613281,2585,284.37811279296875,320.69354248046875,367.48492431640625,367.84112548828125
2026-09-18T14:12:17.977135+00:00,spot_7,Spot 7,Occupied,2026-09-18T13:56:26.319863+00:00,192,car,0.7805143594741821,951,255.2843017578125,317.69488525390625,305.3553466796875,358.55975341796875
2026-09-18T14:12:17.977135+00:00,spot_8,Spot 8,Empty,2026-09-18T13:59:16.473733+00:00,,,,,,,,
2026-09-18T14:12:17.977135+00:00,spot_9,Spot 9,Occupied,2026-09-18T12:45:18.864376+00:00,170,truck,0.5840726494789124,5214,144.880615234375,313.847412109375,223.91815185546875,353.1177978515625
2026-09-18T14:12:17.977135+00:00,spot_10,Spot 10,Empty,2026-09-18T14:12:17.977135+00:00,,,,,,,,
2026-09-18T14:12:17.977135+00:00,spot_11,Spot 11,Occupied,2026-09-18T13:29:15.996818+00:00,183,car,0.7208409905433655,2585,117.67781066894531,322.94268798828125,160.17530822753906,345.751708984375
2026-09-18T14:12:17.977135+00:00,spot_12,Spot 12,Empty,2026-09-18T14:09:19.751330+00:00,,,,,,,,
2026-09-18T14:12:17.977135+00:00,spot_13,Spot 13,Empty,2026-09-18T00:56:19.559398+00:00,,,,,,,,
2026-09-18T14:12:17.977135+00:00,spot_14,Spot 14,Empty,2026-09-18T00:39:15.838015+00:00,,,,,,,,
2026-09-18T14:12:17.977135+00:00,spot_15,Spot 15,Empty,2026-09-18T14:09:19.751330+00:00,,,,,,,,
2026-09-18T14:12:17.977135+00:00,spot_16,Spot 16,Occupied,2026-09-18T13:01:31.189826+00:00,171,car,0.8468663096427917,4248,16.007808685302734,316.61285400390625,56.56491470336914,337.16973876953125
2026-09-18T14:12:17.977135+00:00,spot_17,Spot 17,Empty,2026-09-17T18:54:59.211881+00:00,,,,,,,,
2026-09-18T14:13:17.205770+00:00,spot_1,Spot 1,Empty,2026-09-17T23:15:16.570232+00:00,,,,,,,,
2026-09-18T14:13:17.205770+00:00,spot_2,Spot 2,Empty,2026-09-17T18:54:59.211819+00:00,,,,,,,,
2026-09-18T14:13:17.205770+00:00,spot_3,Spot 3,Occupied,2026-09-18T14:11:18.255631+00:00,201,truck,0.5727274417877197,118,446.77520751953125,316.659912109375,511.28973388671875,367.6083984375
2026-09-18T14:13:17.205770+00:00,spot_4,Spot 4,Empty,2026-09-17T19:31:40.829505+00:00,,,,,,,,
2026-09-18T14:13:17.205770+00:00,spot_5,Spot 5,Empty,2026-09-18T13:29:15.996818+00:00,,,,,,,,
2026-09-18T14:13:17.205770+00:00,spot_6,Spot 6,Occupied,2026-09-18T13:29:15.996818+00:00,182,car,0.7376000881195068,2642,284.1976623535156,320.66839599609375,368.3431701660156,367.73504638671875
2026-09-18T14:13:17.205770+00:00,spot_7,Spot 7,Occupied,2026-09-18T13:56:26.319863+00:00,192,car,0.7640397548675537,1008,255.58372497558594,317.2412414550781,304.7783203125,358.3018493652344
2026-09-18T14:13:17.205770+00:00,spot_8,Spot 8,Empty,2026-09-18T13:59:16.473733+00:00,,,,,,,,
2026-09-18T14:13:17.205770+00:00,spot_9,Spot 9,Occupied,2026-09-18T12:45:18.864376+00:00,170,car,0.6689873337745667,5271,145.97116088867188,313.53106689453125,223.92514038085938,352.75262451171875
2026-09-18T14:13:17.205770+00:00,spot_10,Spot 10,Empty,2026-09-18T14:12:17.977135+00:00,,,,,,,,
2026-09-18T14:13:17.205770+00:00,spot_11,Spot 11,Occupied,2026-09-18T13:29:15.996818+00:00,183,car,0.7053366899490356,2642,117.7972412109375,322.4371337890625,159.58383178710938,345.75189208984375
2026-09-18T14:13:17.205770+00:00,spot_12,Spot 12,Empty,2026-09-18T14:09:19.751330+00:00,,,,,,,,
2026-09-18T14:13:17.205770+00:00,spot_13,Spot 13,Empty,2026-09-18T00:56:19.559398+00:00,,,,,,,,
2026-09-18T14:13:17.205770+00:00,spot_14,Spot 14,Empty,2026-09-18T00:39:15.838015+00:00,,,,,,,,
2026-09-18T14:13:17.205770+00:00,spot_15,Spot 15,Empty,2026-09-18T14:09:19.751330+00:00,,,,,,,,
2026-09-18T14:13:17.205770+00:00,spot_16,Spot 16,Occupied,2026-09-18T13:01:31.189826+00:00,171,car,0.8295525312423706,4305,16.465009689331055,317.20184326171875,56.51002502441406,337.49810791015625
2026-09-18T14:13:17.205770+00:00,spot_17,Spot 17,Empty,2026-09-17T18:54:59.211881+00:00,,,,,,,,
2026-09-18T14:14:20.532330+00:00,spot_1,Spot 1,Empty,2026-09-17T23:15:16.570232+00:00,,,,,,,,
2026-09-18T14:14:20.532330+00:00,spot_2,Spot 2,Empty,2026-09-17T18:54:59.211819+00:00,,,,,,,,
2026-09-18T14:14:20.532330+00:00,spot_3,Spot 3,Occupied,2026-09-18T14:11:18.255631+00:00,201,truck,0.722785234451294,184,446.7540283203125,317.51678466796875,513.3360595703125,367.49884033203125
2026-09-18T14:14:20.532330+00:00,spot_4,Spot 4,Empty,2026-09-17T19:31:40.829505+00:00,,,,,,,,
2026-09-18T14:14:20.532330+00:00,spot_5,Spot 5,Empty,2026-09-18T13:29:15.996818+00:00,,,,,,,,
2026-09-18T14:14:20.532330+00:00,spot_6,Spot 6,Occupied,2026-09-18T13:29:15.996818+00:00,182,car,0.7091420888900757,2708,284.38043212890625,321.0238037109375,368.6756591796875,367.8140869140625
2026-09-18T14:14:20.532330+00:00,spot_7,Spot 7,Occupied,2026-09-18T13:56:26.319863+00:00,192,car,0.717219889163971,1074,255.26202392578125,317.1928405761719,304.40228271484375,358.4546813964844
2026-09-18T14:14:20.532330+00:00,spot_8,Spot 8,Empty,2026-09-18T13:59:16.473733+00:00,,,,,,,,
2026-09-18T14:14:20.532330+00:00,spot_9,Spot 9,Occupied,2026-09-18T12:45:18.864376+00:00,170,truck,0.7005094289779663,5337,146.25704956054688,312.86326599121094,222.88232421875,353.3588409423828
2026-09-18T14:14:20.532330+00:00,spot_10,Spot 10,Empty,2026-09-18T14:12:17.977135+00:00,,,,,,,,
2026-09-18T14:14:20.532330+00:00,spot_11,Spot 11,Occupied,2026-09-18T13:29:15.996818+00:00,183,car,0.7612292170524597,2708,117.9537353515625,323.04669189453125,158.17617797851562,345.66192626953125
2026-09-18T14:14:20.532330+00:00,spot_12,Spot 12,Empty,2026-09-18T14:09:19.751330+00:00,,,,,,,,
2026-09-18T14:14:20.532330+00:00,spot_13,Spot 13,Empty,2026-09-18T00:56:19.559398+00:00,,,,,,,,
2026-09-18T14:14:20.532330+00:00,spot_14,Spot 14,Empty,2026-09-18T00:39:15.838015+00:00,,,,,,,,
2026-09-18T14:14:20.532330+00:00,spot_15,Spot 15,Empty,2026-09-18T14:09:19.751330+00:00,,,,,,,,
2026-09-18T14:14:20.532330+00:00,spot_16,Spot 16,Occupied,2026-09-18T13:01:31.189826+00:00,171,car,0.8250899910926819,4371,17.90387725830078,316.1928024291992,56.24367904663086,336.93672943115234
2026-09-18T14:14:20.532330+00:00,spot_17,Spot 17,Empty,2026-09-17T18:54:59.211881+00:00,,,,,,,,
2026-09-18T14:15:21.458417+00:00,spot_1,Spot 1,Empty,2026-09-17T23:15:16.570232+00:00,,,,,,,,
2026-09-18T14:15:21.458417+00:00,spot_2,Spot 2,Empty,2026-09-17T18:54:59.211819+00:00,,,,,,,,
2026-09-18T14:15:21.458417+00:00,spot_3,Spot 3,Occupied,2026-09-18T14:11:18.255631+00:00,201,car,0.5734668374061584,250,446.1702880859375,315.2364501953125,513.47314453125,368.17578125
2026-09-18T14:15:21.458417+00:00,spot_4,Spot 4,Empty,2026-09-17T19:31:40.829505+00:00,,,,,,,,
2026-09-18T14:15:21.458417+00:00,spot_5,Spot 5,Empty,2026-09-18T13:29:15.996818+00:00,,,,,,,,
2026-09-18T14:15:21.458417+00:00,spot_6,Spot 6,Occupied,2026-09-18T13:29:15.996818+00:00,182,car,0.6674180626869202,2774,284.26409912109375,320.7515563964844,366.833984375,368.0050964355469
2026-09-18T14:15:21.458417+00:00,spot_7,Spot 7,Occupied,2026-09-18T13:56:26.319863+00:00,192,car,0.7299888134002686,1140,255.42579650878906,317.67230224609375,304.4332275390625,357.86407470703125
2026-09-18T14:15:21.458417+00:00,spot_8,Spot 8,Empty,2026-09-18T13:59:16.473733+00:00,,,,,,,,
2026-09-18T14:15:21.458417+00:00,spot_9,Spot 9,Occupied,2026-09-18T12:45:18.864376+00:00,170,truck,0.5348355770111084,5403,146.16314697265625,314.14593505859375,224.544189453125,352.960205078125
2026-09-18T14:15:21.458417+00:00,spot_10,Spot 10,Empty,2026-09-18T14:12:17.977135+00:00,,,,,,,,
2026-09-18T14:15:21.458417+00:00,spot_11,Spot 11,Occupied,2026-09-18T13:29:15.996818+00:00,183,car,0.623317539691925,2774,121.17253112792969,323.6055908203125,160.5914764404297,345.7303466796875
2026-09-18T14:15:21.458417+00:00,spot_12,Spot 12,Occupied,2026-09-18T14:15:21.458417+00:00,202,car,0.3857558071613312,0,118.2718505859375,324.37963104248047,135.41209411621094,342.35652923583984
2026-09-18T14:15:21.458417+00:00,spot_13,Spot 13,Empty,2026-09-18T00:56:19.559398+00:00,,,,,,,,
2026-09-18T14:15:21.458417+00:00,spot_14,Spot 14,Empty,2026-09-18T00:39:15.838015+00:00,,,,,,,,
2026-09-18T14:15:21.458417+00:00,spot_15,Spot 15,Empty,2026-09-18T14:09:19.751330+00:00,,,,,,,,
2026-09-18T14:15:21.458417+00:00,spot_16,Spot 16,Occupied,2026-09-18T13:01:31.189826+00:00,171,car,0.8759844899177551,4437,16.355411529541016,316.848876953125,56.594974517822266,337.1512451171875
2026-09-18T14:15:21.458417+00:00,spot_17,Spot 17,Empty,2026-09-17T18:54:59.211881+00:00,,,,,,,,
2026-09-18T14:16:23.818572+00:00,spot_1,Spot 1,Empty,2026-09-17T23:15:16.570232+00:00,,,,,,,,
2026-09-18T14:16:23.818572+00:00,spot_2,Spot 2,Empty,2026-09-17T18:54:59.211819+00:00,,,,,,,,
2026-09-18T14:16:23.818572+00:00,spot_3,Spot 3,Empty,2026-09-18T14:16:23.818572+00:00,,,,,,,,
2026-09-18T14:16:23.818572+00:00,spot_4,Spot 4,Empty,2026-09-17T19:31:40.829505+00:00,,,,,,,,
2026-09-18T14:16:23.818572+00:00,spot_5,Spot 5,Empty,2026-09-18T13:29:15.996818+00:00,,,,,,,,
2026-09-18T14:16:23.818572+00:00,spot_6,Spot 6,Occupied,2026-09-18T13:29:15.996818+00:00,182,car,0.5998328924179077,2831,284.6268310546875,321.0835266113281,366.298583984375,368.2098083496094
2026-09-18T14:16:23.818572+00:00,spot_7,Spot 7,Occupied,2026-09-18T13:56:26.319863+00:00,192,car,0.6928520798683167,1196,255.26861572265625,317.666015625,304.89398193359375,357.73919677734375
2026-09-18T14:16:23.818572+00:00,spot_8,Spot 8,Empty,2026-09-18T13:59:16.473733+00:00,,,,,,,,
2026-09-18T14:16:23.818572+00:00,spot_9,Spot 9,Occupied,2026-09-18T12:45:18.864376+00:00,170,truck,0.5945487022399902,5459,145.66915893554688,314.0069580078125,223.38519287109375,353.755859375
2026-09-18T14:16:23.818572+00:00,spot_10,Spot 10,Empty,2026-09-18T14:12:17.977135+00:00,,,,,,,,
2026-09-18T14:16:23.818572+00:00,spot_11,Spot 11,Occupied,2026-09-18T13:29:15.996818+00:00,183,car,0.7953454852104187,2831,118.78002166748047,323.31236267089844,161.74465942382812,345.78719329833984
2026-09-18T14:16:23.818572+00:00,spot_12,Spot 12,Empty,2026-09-18T14:16:23.818572+00:00,,,,,,,,
2026-09-18T14:16:23.818572+00:00,spot_13,Spot 13,Empty,2026-09-18T00:56:19.559398+00:00,,,,,,,,
2026-09-18T14:16:23.818572+00:00,spot_14,Spot 14,Empty,2026-09-18T00:39:15.838015+00:00,,,,,,,,
2026-09-18T14:16:23.818572+00:00,spot_15,Spot 15,Empty,2026-09-18T14:09:19.751330+00:00,,,,,,,,
2026-09-18T14:16:23.818572+00:00,spot_16,Spot 16,Occupied,2026-09-18T13:01:31.189826+00:00,171,car,0.8147495985031128,4493,16.81987190246582,316.93414306640625,56.555694580078125,337.11090087890625
2026-09-18T14:16:23.818572+00:00,spot_17,Spot 17,Empty,2026-09-17T18:54:59.211881+00:00,,,,,,,,
2026-09-18T14:17:14.708728+00:00,spot_1,Spot 1,Empty,2026-09-17T23:15:16.570232+00:00,,,,,,,,
2026-09-18T14:17:14.708728+00:00,spot_2,Spot 2,Empty,2026-09-17T18:54:59.211819+00:00,,,,,,,,
2026-09-18T14:17:14.708728+00:00,spot_3,Spot 3,Occupied,2026-09-18T14:17:14.708728+00:00,203,truck,0.4257945418357849,0,447.12957763671875,318.944580078125,505.06927490234375,367.696044921875
2026-09-18T14:17:14.708728+00:00,spot_4,Spot 4,Empty,2026-09-17T19:31:40.829505+00:00,,,,,,,,
2026-09-18T14:17:14.708728+00:00,spot_5,Spot 5,Empty,2026-09-18T13:29:15.996818+00:00,,,,,,,,
2026-09-18T14:17:14.708728+00:00,spot_6,Spot 6,Occupied,2026-09-18T13:29:15.996818+00:00,182,car,0.7779417634010315,2880,284.51409912109375,320.971435546875,368.39593505859375,368.0504150390625
2026-09-18T14:17:14.708728+00:00,spot_7,Spot 7,Occupied,2026-09-18T13:56:26.319863+00:00,192,car,0.7886634469032288,1245,255.52671813964844,318.3499450683594,304.7633056640625,357.8379211425781
2026-09-18T14:17:14.708728+00:00,spot_8,Spot 8,Empty,2026-09-18T13:59:16.473733+00:00,,,,,,,,
2026-09-18T14:17:14.708728+00:00,spot_9,Spot 9,Occupied,2026-09-18T12:45:18.864376+00:00,170,car,0.6997538208961487,5508,145.55252075195312,313.00316619873047,224.78407287597656,352.53765869140625
2026-09-18T14:17:14.708728+00:00,spot_10,Spot 10,Empty,2026-09-18T14:12:17.977135+00:00,,,,,,,,
2026-09-18T14:17:14.708728+00:00,spot_11,Spot 11,Occupied,2026-09-18T13:29:15.996818+00:00,183,car,0.7509546279907227,2880,118.10719299316406,323.46527099609375,159.1484832763672,345.63909912109375
2026-09-18T14:17:14.708728+00:00,spot_12,Spot 12,Empty,2026-09-18T14:16:23.818572+00:00,,,,,,,,
2026-09-18T14:17:14.708728+00:00,spot_13,Spot 13,Empty,2026-09-18T00:56:19.559398+00:00,,,,,,,,
2026-09-18T14:17:14.708728+00:00,spot_14,Spot 14,Empty,2026-09-18T00:39:15.838015+00:00,,,,,,,,
2026-09-18T14:17:14.708728+00:00,spot_15,Spot 15,Empty,2026-09-18T14:09:19.751330+00:00,,,,,,,,
2026-09-18T14:17:14.708728+00:00,spot_16,Spot 16,Occupied,2026-09-18T13:01:31.189826+00:00,171,car,0.869396448135376,4542,16.229446411132812,316.4015197753906,56.42848205566406,337.2066345214844
2026-09-18T14:17:14.708728+00:00,spot_17,Spot 17,Empty,2026-09-17T18:54:59.211881+00:00,,,,,,,,
2026-09-18T14:18:13.834945+00:00,spot_1,Spot 1,Empty,2026-09-17T23:15:16.570232+00:00,,,,,,,,
2026-09-18T14:18:13.834945+00:00,spot_2,Spot 2,Empty,2026-09-17T18:54:59.211819+00:00,,,,,,,,
2026-09-18T14:18:13.834945+00:00,spot_3,Spot 3,Occupied,2026-09-18T14:17:14.708728+00:00,203,car,0.5117275714874268,61,446.8711242675781,324.5346984863281,502.2527770996094,367.5428161621094
2026-09-18T14:18:13.834945+00:00,spot_4,Spot 4,Empty,2026-09-17T19:31:40.829505+00:00,,,,,,,,
2026-09-18T14:18:13.834945+00:00,spot_5,Spot 5,Empty,2026-09-18T13:29:15.996818+00:00,,,,,,,,
2026-09-18T14:18:13.834945+00:00,spot_6,Spot 6,Occupied,2026-09-18T13:29:15.996818+00:00,182,car,0.6950203776359558,2941,284.27618408203125,321.0745849609375,368.50079345703125,368.304443359375
2026-09-18T14:18:13.834945+00:00,spot_7,Spot 7,Occupied,2026-09-18T13:56:26.319863+00:00,192,car,0.7227867245674133,1307,255.32473754882812,318.72894287109375,304.7635192871094,357.82293701171875
2026-09-18T14:18:13.834945+00:00,spot_8,Spot 8,Empty,2026-09-18T13:59:16.473733+00:00,,,,,,,,
2026-09-18T14:18:13.834945+00:00,spot_9,Spot 9,Occupied,2026-09-18T12:45:18.864376+00:00,170,truck,0.6761385202407837,5570,146.14382934570312,312.5799255371094,223.6405029296875,353.7433166503906
2026-09-18T14:18:13.834945+00:00,spot_10,Spot 10,Empty,2026-09-18T14:12:17.977135+00:00,,,,,,,,
2026-09-18T14:18:13.834945+00:00,spot_11,Spot 11,Occupied,2026-09-18T13:29:15.996818+00:00,183,car,0.7203254103660583,2941,118.35453033447266,323.20033264160156,158.7275848388672,345.87561798095703
2026-09-18T14:18:13.834945+00:00,spot_12,Spot 12,Empty,2026-09-18T14:16:23.818572+00:00,,,,,,,,
2026-09-18T14:18:13.834945+00:00,spot_13,Spot 13,Empty,2026-09-18T00:56:19.559398+00:00,,,,,,,,
2026-09-18T14:18:13.834945+00:00,spot_14,Spot 14,Empty,2026-09-18T00:39:15.838015+00:00,,,,,,,,
2026-09-18T14:18:13.834945+00:00,spot_15,Spot 15,Empty,2026-09-18T14:09:19.751330+00:00,,,,,,,,
2026-09-18T14:18:13.834945+00:00,spot_16,Spot 16,Occupied,2026-09-18T13:01:31.189826+00:00,171,car,0.8518978357315063,4604,15.993415832519531,316.4268493652344,56.294349670410156,337.5794982910156
2026-09-18T14:18:13.834945+00:00,spot_17,Spot 17,Empty,2026-09-17T18:54:59.211881+00:00,,,,,,,,
2026-09-18T14:19:16.302414+00:00,spot_1,Spot 1,Empty,2026-09-17T23:15:16.570232+00:00,,,,,,,,
2026-09-18T14:19:16.302414+00:00,spot_2,Spot 2,Empty,2026-09-17T18:54:59.211819+00:00,,,,,,,,
2026-09-18T14:19:16.302414+00:00,spot_3,Spot 3,Occupied,2026-09-18T14:17:14.708728+00:00,203,car,0.6786258816719055,121,447.3383483886719,320.34844970703125,498.0068054199219,367.38970947265625
2026-09-18T14:19:16.302414+00:00,spot_4,Spot 4,Empty,2026-09-17T19:31:40.829505+00:00,,,,,,,,
2026-09-18T14:19:16.302414+00:00,spot_5,Spot 5,Empty,2026-09-18T13:29:15.996818+00:00,,,,,,,,
2026-09-18T14:19:16.302414+00:00,spot_6,Spot 6,Occupied,2026-09-18T13:29:15.996818+00:00,182,car,0.642937958240509,3001,284.3232421875,321.02337646484375,367.9638671875,368.23602294921875
2026-09-18T14:19:16.302414+00:00,spot_7,Spot 7,Occupied,2026-09-18T13:56:26.319863+00:00,192,car,0.8481903076171875,1367,255.16114807128906,319.03350830078125,305.2083740234375,358.2205810546875
2026-09-18T14:19:16.302414+00:00,spot_8,Spot 8,Empty,2026-09-18T13:59:16.473733+00:00,,,,,,,,
2026-09-18T14:19:16.302414+00:00,spot_9,Spot 9,Occupied,2026-09-18T12:45:18.864376+00:00,170,car,0.6916375160217285,5630,147.90171813964844,314.25122833251953,224.44989013671875,352.90528869628906
2026-09-18T14:19:16.302414+00:00,spot_10,Spot 10,Empty,2026-09-18T14:12:17.977135+00:00,,,,,,,,
2026-09-18T14:19:16.302414+00:00,spot_11,Spot 11,Occupied,2026-09-18T13:29:15.996818+00:00,183,car,0.6219329237937927,3001,117.679443359375,321.92950439453125,157.95956420898438,345.24932861328125
2026-09-18T14:19:16.302414+00:00,spot_12,Spot 12,Empty,2026-09-18T14:16:23.818572+00:00,,,,,,,,
2026-09-18T14:19:16.302414+00:00,spot_13,Spot 13,Empty,2026-09-18T00:56:19.559398+00:00,,,,,,,,
2026-09-18T14:19:16.302414+00:00,spot_14,Spot 14,Empty,2026-09-18T00:39:15.838015+00:00,,,,,,,,
2026-09-18T14:19:16.302414+00:00,spot_15,Spot 15,Empty,2026-09-18T14:09:19.751330+00:00,,,,,,,,
2026-09-18T14:19:16.302414+00:00,spot_16,Spot 16,Occupied,2026-09-18T13:01:31.189826+00:00,171,car,0.7884175777435303,4664,16.812461853027344,316.76251220703125,56.58246612548828,337.58001708984375
2026-09-18T14:19:16.302414+00:00,spot_17,Spot 17,Empty,2026-09-17T18:54:59.211881+00:00,,,,,,,,
2026-09-18T14:20:17.012809+00:00,spot_1,Spot 1,Empty,2026-09-17T23:15:16.570232+00:00,,,,,,,,
2026-09-18T14:20:17.012809+00:00,spot_2,Spot 2,Empty,2026-09-17T18:54:59.211819+00:00,,,,,,,,
2026-09-18T14:20:17.012809+00:00,spot_3,Spot 3,Occupied,2026-09-18T14:17:14.708728+00:00,203,car,0.68827223777771,194,447.38922119140625,321.6055908203125,499.02288818359375,367.3538818359375
2026-09-18T14:20:17.012809+00:00,spot_4,Spot 4,Empty,2026-09-17T19:31:40.829505+00:00,,,,,,,,
2026-09-18T14:20:17.012809+00:00,spot_5,Spot 5,Empty,2026-09-18T13:29:15.996818+00:00,,,,,,,,
2026-09-18T14:20:17.012809+00:00,spot_6,Spot 6,Occupied,2026-09-18T13:29:15.996818+00:00,182,car,0.7603240609169006,3074,284.40179443359375,320.87762451171875,367.75927734375,367.88494873046875
2026-09-18T14:20:17.012809+00:00,spot_7,Spot 7,Occupied,2026-09-18T13:56:26.319863+00:00,192,car,0.8116073608398438,1440,255.199462890625,318.07415771484375,305.21881103515625,357.66522216796875
2026-09-18T14:20:17.012809+00:00,spot_8,Spot 8,Empty,2026-09-18T13:59:16.473733+00:00,,,,,,,,
2026-09-18T14:20:17.012809+00:00,spot_9,Spot 9,Occupied,2026-09-18T12:45:18.864376+00:00,170,car,0.7410857677459717,5703,146.98895263671875,312.9309768676758,224.3037109375,353.2328186035156
2026-09-18T14:20:17.012809+00:00,spot_10,Spot 10,Occupied,2026-09-18T14:20:17.012809+00:00,204,car,0.18238158524036407,0,147.20204162597656,321.9282760620117,179.9979705810547,352.6613006591797
2026-09-18T14:20:17.012809+00:00,spot_11,Spot 11,Occupied,2026-09-18T13:29:15.996818+00:00,183,car,0.6646742820739746,3074,117.88565826416016,323.83062744140625,158.15774536132812,345.91058349609375
2026-09-18T14:20:17.012809+00:00,spot_12,Spot 12,Empty,2026-09-18T14:16:23.818572+00:00,,,,,,,,
2026-09-18T14:20:17.012809+00:00,spot_13,Spot 13,Empty,2026-09-18T00:56:19.559398+00:00,,,,,,,,
2026-09-18T14:20:17.012809+00:00,spot_14,Spot 14,Empty,2026-09-18T00:39:15.838015+00:00,,,,,,,,
2026-09-18T14:20:17.012809+00:00,spot_15,Spot 15,Empty,2026-09-18T14:09:19.751330+00:00,,,,,,,,
2026-09-18T14:20:17.012809+00:00,spot_16,Spot 16,Empty,2026-09-18T14:20:17.012809+00:00,,,,,,,,
2026-09-18T14:20:17.012809+00:00,spot_17,Spot 17,Empty,2026-09-17T18:54:59.211881+00:00,,,,,,,,
2026-09-18T14:21:17.807339+00:00,spot_1,Spot 1,Empty,2026-09-17T23:15:16.570232+00:00,,,,,,,,
2026-09-18T14:21:17.807339+00:00,spot_2,Spot 2,Empty,2026-09-17T18:54:59.211819+00:00,,,,,,,,
2026-09-18T14:21:17.807339+00:00,spot_3,Spot 3,Occupied,2026-09-18T14:17:14.708728+00:00,203,car,0.762915313243866,243,447.3387451171875,326.40032958984375,498.404052734375,367.84344482421875
2026-09-18T14:21:17.807339+00:00,spot_4,Spot 4,Empty,2026-09-17T19:31:40.829505+00:00,,,,,,,,
2026-09-18T14:21:17.807339+00:00,spot_5,Spot 5,Empty,2026-09-18T13:29:15.996818+00:00,,,,,,,,
2026-09-18T14:21:17.807339+00:00,spot_6,Spot 6,Occupied,2026-09-18T13:29:15.996818+00:00,182,truck,0.5855847001075745,3123,284.19281005859375,321.2955322265625,367.84576416015625,368.2291259765625
2026-09-18T14:21:17.807339+00:00,spot_7,Spot 7,Occupied,2026-09-18T13:56:26.319863+00:00,192,car,0.746272087097168,1489,255.00814819335938,318.93310546875,304.8922424316406,357.735595703125
2026-09-18T14:21:17.807339+00:00,spot_8,Spot 8,Empty,2026-09-18T13:59:16.473733+00:00,,,,,,,,
2026-09-18T14:21:17.807339+00:00,spot_9,Spot 9,Occupied,2026-09-18T12:45:18.864376+00:00,170,car,0.619199275970459,5751,146.655029296875,312.4694137573242,224.1285400390625,352.9280700683594
2026-09-18T14:21:17.807339+00:00,spot_10,Spot 10,Empty,2026-09-18T14:21:17.807339+00:00,,,,,,,,
2026-09-18T14:21:17.807339+00:00,spot_11,Spot 11,Occupied,2026-09-18T13:29:15.996818+00:00,183,car,0.7630726099014282,3123,117.5406494140625,323.4036865234375,160.14602661132812,345.805908203125
2026-09-18T14:21:17.807339+00:00,spot_12,Spot 12,Empty,2026-09-18T14:16:23.818572+00:00,,,,,,,,
2026-09-18T14:21:17.807339+00:00,spot_13,Spot 13,Empty,2026-09-18T00:56:19.559398+00:00,,,,,,,,
2026-09-18T14:21:17.807339+00:00,spot_14,Spot 14,Empty,2026-09-18T00:39:15.838015+00:00,,,,,,,,
2026-09-18T14:21:17.807339+00:00,spot_15,Spot 15,Empty,2026-09-18T14:09:19.751330+00:00,,,,,,,,
2026-09-18T14:21:17.807339+00:00,spot_16,Spot 16,Empty,2026-09-18T14:20:17.012809+00:00,,,,,,,,
2026-09-18T14:21:17.807339+00:00,spot_17,Spot 17,Empty,2026-09-17T18:54:59.211881+00:00,,,,,,,,
2026-09-18T14:22:15.040455+00:00,spot_1,Spot 1,Empty,2026-09-17T23:15:16.570232+00:00,,,,,,,,
2026-09-18T14:22:15.040455+00:00,spot_2,Spot 2,Empty,2026-09-17T18:54:59.211819+00:00,,,,,,,,
2026-09-18T14:22:15.040455+00:00,spot_3,Spot 3,Occupied,2026-09-18T14:17:14.708728+00:00,203,car,0.7077194452285767,303,447.51544189453125,317.92901611328125,502.7874755859375,367.67059326171875
2026-09-18T14:22:15.040455+00:00,spot_4,Spot 4,Empty,2026-09-17T19:31:40.829505+00:00,,,,,,,,
2026-09-18T14:22:15.040455+00:00,spot_5,Spot 5,Empty,2026-09-18T13:29:15.996818+00:00,,,,,,,,
2026-09-18T14:22:15.040455+00:00,spot_6,Spot 6,Occupied,2026-09-18T13:29:15.996818+00:00,182,car,0.7991743087768555,3183,284.2080383300781,320.8861083984375,367.8741149902344,367.7362060546875
2026-09-18T14:22:15.040455+00:00,spot_7,Spot 7,Occupied,2026-09-18T13:56:26.319863+00:00,192,car,0.7912958264350891,1548,255.319091796875,318.291748046875,302.9716796875,357.5245361328125
2026-09-18T14:22:15.040455+00:00,spot_8,Spot 8,Empty,2026-09-18T13:59:16.473733+00:00,,,,,,,,
2026-09-18T14:22:15.040455+00:00,spot_9,Spot 9,Occupied,2026-09-18T12:45:18.864376+00:00,170,truck,0.5718812346458435,5811,146.34164428710938,313.51922607421875,223.41531372070312,354.34869384765625
2026-09-18T14:22:15.040455+00:00,spot_10,Spot 10,Empty,2026-09-18T14:21:17.807339+00:00,,,,,,,,
2026-09-18T14:22:15.040455+00:00,spot_11,Spot 11,Occupied,2026-09-18T13:29:15.996818+00:00,183,car,0.7962392568588257,3183,117.5316162109375,322.0098876953125,161.24520874023438,346.093017578125
2026-09-18T14:22:15.040455+00:00,spot_12,Spot 12,Empty,2026-09-18T14:16:23.818572+00:00,,,,,,,,
2026-09-18T14:22:15.040455+00:00,spot_13,Spot 13,Empty,2026-09-18T00:56:19.559398+00:00,,,,,,,,
2026-09-18T14:22:15.040455+00:00,spot_14,Spot 14,Empty,2026-09-18T00:39:15.838015+00:00,,,,,,,,
2026-09-18T14:22:15.040455+00:00,spot_15,Spot 15,Empty,2026-09-18T14:09:19.751330+00:00,,,,,,,,
2026-09-18T14:22:15.040455+00:00,spot_16,Spot 16,Empty,2026-09-18T14:20:17.012809+00:00,,,,,,,,
2026-09-18T14:22:15.040455+00:00,spot_17,Spot 17,Empty,2026-09-17T18:54:59.211881+00:00,,,,,,,,
2026-09-18T14:23:18.054580+00:00,spot_1,Spot 1,Empty,2026-09-17T23:15:16.570232+00:00,,,,,,,,
2026-09-18T14:23:18.054580+00:00,spot_2,Spot 2,Empty,2026-09-17T18:54:59.211819+00:00,,,,,,,,
2026-09-18T14:23:18.054580+00:00,spot_3,Spot 3,Occupied,2026-09-18T14:17:14.708728+00:00,203,car,0.752342700958252,363,447.32550048828125,319.14520263671875,503.34100341796875,367.64776611328125
2026-09-18T14:23:18.054580+00:00,spot_4,Spot 4,Empty,2026-09-17T19:31:40.829505+00:00,,,,,,,,
2026-09-18T14:23:18.054580+00:00,spot_5,Spot 5,Empty,2026-09-18T13:29:15.996818+00:00,,,,,,,,
2026-09-18T14:23:18.054580+00:00,spot_6,Spot 6,Occupied,2026-09-18T13:29:15.996818+00:00,182,truck,0.6414715051651001,3243,284.30023193359375,321.01641845703125,368.12225341796875,368.12457275390625
2026-09-18T14:23:18.054580+00:00,spot_7,Spot 7,Occupied,2026-09-18T13:56:26.319863+00:00,192,car,0.8116086721420288,1609,255.5950469970703,318.04229736328125,304.34344482421875,357.70654296875
2026-09-18T14:23:18.054580+00:00,spot_8,Spot 8,Empty,2026-09-18T13:59:16.473733+00:00,,,,,,,,
2026-09-18T14:23:18.054580+00:00,spot_9,Spot 9,Occupied,2026-09-18T12:45:18.864376+00:00,170,car,0.5538986325263977,5872,147.4313507080078,314.9351577758789,223.78973388671875,352.75335693359375
2026-09-18T14:23:18.054580+00:00,spot_10,Spot 10,Empty,2026-09-18T14:21:17.807339+00:00,,,,,,,,
2026-09-18T14:23:18.054580+00:00,spot_11,Spot 11,Occupied,2026-09-18T13:29:15.996818+00:00,183,car,0.6943598985671997,3243,125.38035583496094,324.13675689697266,156.50030517578125,345.6571044921875
2026-09-18T14:23:18.054580+00:00,spot_12,Spot 12,Empty,2026-09-18T14:16:23.818572+00:00,,,,,,,,
2026-09-18T14:23:18.054580+00:00,spot_13,Spot 13,Empty,2026-09-18T00:56:19.559398+00:00,,,,,,,,
2026-09-18T14:23:18.054580+00:00,spot_14,Spot 14,Empty,2026-09-18T00:39:15.838015+00:00,,,,,,,,
2026-09-18T14:23:18.054580+00:00,spot_15,Spot 15,Empty,2026-09-18T14:09:19.751330+00:00,,,,,,,,
2026-09-18T14:23:18.054580+00:00,spot_16,Spot 16,Empty,2026-09-18T14:20:17.012809+00:00,,,,,,,,
2026-09-18T14:23:18.054580+00:00,spot_17,Spot 17,Empty,2026-09-17T18:54:59.211881+00:00,,,,,,,,
2026-09-18T14:24:20.603056+00:00,spot_1,Spot 1,Empty,2026-09-17T23:15:16.570232+00:00,,,,,,,,
2026-09-18T14:24:20.603056+00:00,spot_2,Spot 2,Empty,2026-09-17T18:54:59.211819+00:00,,,,,,,,
2026-09-18T14:24:20.603056+00:00,spot_3,Spot 3,Occupied,2026-09-18T14:17:14.708728+00:00,203,car,0.42054125666618347,428,465.2379150390625,319.33935546875,503.1629638671875,349.591796875
2026-09-18T14:24:20.603056+00:00,spot_4,Spot 4,Empty,2026-09-17T19:31:40.829505+00:00,,,,,,,,
2026-09-18T14:24:20.603056+00:00,spot_5,Spot 5,Empty,2026-09-18T13:29:15.996818+00:00,,,,,,,,
2026-09-18T14:24:20.603056+00:00,spot_6,Spot 6,Occupied,2026-09-18T13:29:15.996818+00:00,182,car,0.8257342576980591,3308,284.29132080078125,320.9084777832031,365.92169189453125,367.6912536621094
2026-09-18T14:24:20.603056+00:00,spot_7,Spot 7,Occupied,2026-09-18T13:56:26.319863+00:00,192,car,0.8376336097717285,1674,254.99749755859375,318.25592041015625,304.35302734375,357.7933349609375
2026-09-18T14:24:20.603056+00:00,spot_8,Spot 8,Empty,2026-09-18T13:59:16.473733+00:00,,,,,,,,
2026-09-18T14:24:20.603056+00:00,spot_9,Spot 9,Occupied,2026-09-18T12:45:18.864376+00:00,170,truck,0.7063385844230652,5937,146.14663696289062,314.2342834472656,223.82284545898438,353.7892761230469
2026-09-18T14:24:20.603056+00:00,spot_10,Spot 10,Empty,2026-09-18T14:21:17.807339+00:00,,,,,,,,
2026-09-18T14:24:20.603056+00:00,spot_11,Spot 11,Occupied,2026-09-18T13:29:15.996818+00:00,183,car,0.685292661190033,3308,118.2576904296875,320.48960876464844,160.59384155273438,345.59613037109375
2026-09-18T14:24:20.603056+00:00,spot_12,Spot 12,Empty,2026-09-18T14:16:23.818572+00:00,,,,,,,,
2026-09-18T14:24:20.603056+00:00,spot_13,Spot 13,Empty,2026-09-18T00:56:19.559398+00:00,,,,,,,,
2026-09-18T14:24:20.603056+00:00,spot_14,Spot 14,Empty,2026-09-18T00:39:15.838015+00:00,,,,,,,,
2026-09-18T14:24:20.603056+00:00,spot_15,Spot 15,Empty,2026-09-18T14:09:19.751330+00:00,,,,,,,,
2026-09-18T14:24:20.603056+00:00,spot_16,Spot 16,Empty,2026-09-18T14:20:17.012809+00:00,,,,,,,,
2026-09-18T14:24:20.603056+00:00,spot_17,Spot 17,Empty,2026-09-17T18:54:59.211881+00:00,,,,,,,,
2026-09-18T14:25:19.764755+00:00,spot_1,Spot 1,Empty,2026-09-17T23:15:16.570232+00:00,,,,,,,,
2026-09-18T14:25:19.764755+00:00,spot_2,Spot 2,Empty,2026-09-17T18:54:59.211819+00:00,,,,,,,,
2026-09-18T14:25:19.764755+00:00,spot_3,Spot 3,Occupied,2026-09-18T14:25:19.764755+00:00,205,car,0.7078224420547485,65,447.6781005859375,325.81304931640625,498.8135986328125,367.6070556640625
2026-09-18T14:25:19.764755+00:00,spot_4,Spot 4,Empty,2026-09-17T19:31:40.829505+00:00,,,,,,,,
2026-09-18T14:25:19.764755+00:00,spot_5,Spot 5,Occupied,2026-09-18T14:25:19.764755+00:00,206,car,0.8612070679664612,0,349.93243408203125,325.32550048828125,406.10943603515625,360.5289306640625
2026-09-18T14:25:19.764755+00:00,spot_6,Spot 6,Occupied,2026-09-18T13:29:15.996818+00:00,182,car,0.8472970128059387,3374,283.93212890625,320.83746337890625,347.00079345703125,367.52337646484375
2026-09-18T14:25:19.764755+00:00,spot_7,Spot 7,Occupied,2026-09-18T13:56:26.319863+00:00,192,car,0.7836716175079346,1740,255.2172393798828,318.203125,301.37042236328125,357.6053466796875
2026-09-18T14:25:19.764755+00:00,spot_8,Spot 8,Empty,2026-09-18T13:59:16.473733+00:00,,,,,,,,
2026-09-18T14:25:19.764755+00:00,spot_9,Spot 9,Occupied,2026-09-18T12:45:18.864376+00:00,170,truck,0.6267653703689575,6003,145.92660522460938,313.247314453125,223.13888549804688,353.7186279296875
2026-09-18T14:25:19.764755+00:00,spot_10,Spot 10,Empty,2026-09-18T14:21:17.807339+00:00,,,,,,,,
2026-09-18T14:25:19.764755+00:00,spot_11,Spot 11,Occupied,2026-09-18T13:29:15.996818+00:00,183,car,0.5634025931358337,3374,120.5069808959961,323.294677734375,160.50564575195312,345.7578125
2026-09-18T14:25:19.764755+00:00,spot_12,Spot 12,Empty,2026-09-18T14:16:23.818572+00:00,,,,,,,,
2026-09-18T14:25:19.764755+00:00,spot_13,Spot 13,Empty,2026-09-18T00:56:19.559398+00:00,,,,,,,,
2026-09-18T14:25:19.764755+00:00,spot_14,Spot 14,Empty,2026-09-18T00:39:15.838015+00:00,,,,,,,,
2026-09-18T14:25:19.764755+00:00,spot_15,Spot 15,Empty,2026-09-18T14:09:19.751330+00:00,,,,,,,,
2026-09-18T14:25:19.764755+00:00,spot_16,Spot 16,Empty,2026-09-18T14:20:17.012809+00:00,,,,,,,,
2026-09-18T14:25:19.764755+00:00,spot_17,Spot 17,Empty,2026-09-17T18:54:59.211881+00:00,,,,,,,,
2026-09-18T14:26:23.285908+00:00,spot_1,Spot 1,Empty,2026-09-17T23:15:16.570232+00:00,,,,,,,,
2026-09-18T14:26:23.285908+00:00,spot_2,Spot 2,Empty,2026-09-17T18:54:59.211819+00:00,,,,,,,,
2026-09-18T14:26:23.285908+00:00,spot_3,Spot 3,Occupied,2026-09-18T14:25:19.764755+00:00,205,car,0.7664847373962402,122,447.17034912109375,319.2842712402344,501.39117431640625,367.7962341308594
2026-09-18T14:26:23.285908+00:00,spot_4,Spot 4,Empty,2026-09-17T19:31:40.829505+00:00,,,,,,,,
2026-09-18T14:26:23.285908+00:00,spot_5,Spot 5,Occupied,2026-09-18T14:25:19.764755+00:00,206,car,0.8778262138366699,56,350.84991455078125,326.22979736328125,404.64971923828125,361.11444091796875
2026-09-18T14:26:23.285908+00:00,spot_6,Spot 6,Occupied,2026-09-18T13:29:15.996818+00:00,182,car,0.7704723477363586,3430,283.94989013671875,321.0683288574219,352.72320556640625,367.9003601074219
2026-09-18T14:26:23.285908+00:00,spot_7,Spot 7,Occupied,2026-09-18T13:56:26.319863+00:00,192,car,0.7064832448959351,1796,255.10064697265625,317.9091796875,301.177001953125,357.421142578125
2026-09-18T14:26:23.285908+00:00,spot_8,Spot 8,Empty,2026-09-18T13:59:16.473733+00:00,,,,,,,,
2026-09-18T14:26:23.285908+00:00,spot_9,Spot 9,Occupied,2026-09-18T12:45:18.864376+00:00,170,truck,0.5194441676139832,6059,145.76318359375,313.86767578125,224.49005126953125,353.9541015625
2026-09-18T14:26:23.285908+00:00,spot_10,Spot 10,Empty,2026-09-18T14:21:17.807339+00:00,,,,,,,,
2026-09-18T14:26:23.285908+00:00,spot_11,Spot 11,Occupied,2026-09-18T13:29:15.996818+00:00,183,car,0.7551895976066589,3430,118.08871459960938,323.49700927734375,160.510498046875,345.80792236328125
2026-09-18T14:26:23.285908+00:00,spot_12,Spot 12,Empty,2026-09-18T14:16:23.818572+00:00,,,,,,,,
2026-09-18T14:26:23.285908+00:00,spot_13,Spot 13,Empty,2026-09-18T00:56:19.559398+00:00,,,,,,,,
2026-09-18T14:26:23.285908+00:00,spot_14,Spot 14,Empty,2026-09-18T00:39:15.838015+00:00,,,,,,,,
2026-09-18T14:26:23.285908+00:00,spot_15,Spot 15,Empty,2026-09-18T14:09:19.751330+00:00,,,,,,,,
2026-09-18T14:26:23.285908+00:00,spot_16,Spot 16,Empty,2026-09-18T14:20:17.012809+00:00,,,,,,,,
2026-09-18T14:26:23.285908+00:00,spot_17,Spot 17,Empty,2026-09-17T18:54:59.211881+00:00,,,,,,,,
2026-09-18T14:27:14.135614+00:00,spot_1,Spot 1,Empty,2026-09-17T23:15:16.570232+00:00,,,,,,,,
2026-09-18T14:27:14.135614+00:00,spot_2,Spot 2,Empty,2026-09-17T18:54:59.211819+00:00,,,,,,,,
2026-09-18T14:27:14.135614+00:00,spot_3,Spot 3,Occupied,2026-09-18T14:25:19.764755+00:00,205,car,0.7134085893630981,169,447.0903015136719,326.105712890625,502.1415100097656,367.85009765625
2026-09-18T14:27:14.135614+00:00,spot_4,Spot 4,Empty,2026-09-17T19:31:40.829505+00:00,,,,,,,,
2026-09-18T14:27:14.135614+00:00,spot_5,Spot 5,Occupied,2026-09-18T14:25:19.764755+00:00,206,car,0.8638427257537842,104,350.77984619140625,325.86212158203125,404.2847900390625,360.85223388671875
2026-09-18T14:27:14.135614+00:00,spot_6,Spot 6,Occupied,2026-09-18T13:29:15.996818+00:00,182,car,0.5775956511497498,3478,284.1943359375,321.21502685546875,359.0303955078125,367.71783447265625
2026-09-18T14:27:14.135614+00:00,spot_7,Spot 7,Occupied,2026-09-18T13:56:26.319863+00:00,192,car,0.704767107963562,1844,255.47084045410156,318.832763671875,304.4619140625,357.4268798828125
2026-09-18T14:27:14.135614+00:00,spot_8,Spot 8,Empty,2026-09-18T13:59:16.473733+00:00,,,,,,,,
2026-09-18T14:27:14.135614+00:00,spot_9,Spot 9,Occupied,2026-09-18T12:45:18.864376+00:00,170,car,0.5517862439155579,6107,152.7545623779297,313.55072021484375,223.58261108398438,352.50526428222656
2026-09-18T14:27:14.135614+00:00,spot_10,Spot 10,Empty,2026-09-18T14:21:17.807339+00:00,,,,,,,,
2026-09-18T14:27:14.135614+00:00,spot_11,Spot 11,Occupied,2026-09-18T13:29:15.996818+00:00,183,car,0.7227269411087036,3478,117.6328125,323.4620361328125,160.43051147460938,345.983642578125
2026-09-18T14:27:14.135614+00:00,spot_12,Spot 12,Empty,2026-09-18T14:16:23.818572+00:00,,,,,,,,
2026-09-18T14:27:14.135614+00:00,spot_13,Spot 13,Empty,2026-09-18T00:56:19.559398+00:00,,,,,,,,
2026-09-18T14:27:14.135614+00:00,spot_14,Spot 14,Empty,2026-09-18T00:39:15.838015+00:00,,,,,,,,
2026-09-18T14:27:14.135614+00:00,spot_15,Spot 15,Empty,2026-09-18T14:09:19.751330+00:00,,,,,,,,
2026-09-18T14:27:14.135614+00:00,spot_16,Spot 16,Empty,2026-09-18T14:20:17.012809+00:00,,,,,,,,
2026-09-18T14:27:14.135614+00:00,spot_17,Spot 17,Empty,2026-09-17T18:54:59.211881+00:00,,,,,,,,
2026-09-18T14:28:14.125026+00:00,spot_1,Spot 1,Empty,2026-09-17T23:15:16.570232+00:00,,,,,,,,
2026-09-18T14:28:14.125026+00:00,spot_2,Spot 2,Empty,2026-09-17T18:54:59.211819+00:00,,,,,,,,
2026-09-18T14:28:14.125026+00:00,spot_3,Spot 3,Occupied,2026-09-18T14:25:19.764755+00:00,205,car,0.7839829325675964,232,447.2574157714844,326.27001953125,501.6740417480469,367.9356689453125
2026-09-18T14:28:14.125026+00:00,spot_4,Spot 4,Empty,2026-09-17T19:31:40.829505+00:00,,,,,,,,
2026-09-18T14:28:14.125026+00:00,spot_5,Spot 5,Occupied,2026-09-18T14:25:19.764755+00:00,206,car,0.8321719765663147,167,350.6272277832031,325.68096923828125,406.3534851074219,360.78936767578125
2026-09-18T14:28:14.125026+00:00,spot_6,Spot 6,Occupied,2026-09-18T13:29:15.996818+00:00,182,car,0.7670708894729614,3541,284.14788818359375,320.90966796875,352.6090087890625,368.18310546875
2026-09-18T14:28:14.125026+00:00,spot_7,Spot 7,Occupied,2026-09-18T13:56:26.319863+00:00,192,car,0.7753301858901978,1907,255.24461364746094,319.12823486328125,304.42822265625,357.789794921875
2026-09-18T14:28:14.125026+00:00,spot_8,Spot 8,Empty,2026-09-18T13:59:16.473733+00:00,,,,,,,,
2026-09-18T14:28:14.125026+00:00,spot_9,Spot 9,Occupied,2026-09-18T12:45:18.864376+00:00,170,truck,0.6164488792419434,6170,146.65487670898438,314.1575927734375,223.56692504882812,353.92535400390625
2026-09-18T14:28:14.125026+00:00,spot_10,Spot 10,Empty,2026-09-18T14:21:17.807339+00:00,,,,,,,,
2026-09-18T14:28:14.125026+00:00,spot_11,Spot 11,Occupied,2026-09-18T13:29:15.996818+00:00,183,car,0.7222321033477783,3541,117.52987670898438,322.85467529296875,161.09732055664062,345.79425048828125
2026-09-18T14:28:14.125026+00:00,spot_12,Spot 12,Empty,2026-09-18T14:16:23.818572+00:00,,,,,,,,
2026-09-18T14:28:14.125026+00:00,spot_13,Spot 13,Empty,2026-09-18T00:56:19.559398+00:00,,,,,,,,
2026-09-18T14:28:14.125026+00:00,spot_14,Spot 14,Empty,2026-09-18T00:39:15.838015+00:00,,,,,,,,
2026-09-18T14:28:14.125026+00:00,spot_15,Spot 15,Empty,2026-09-18T14:09:19.751330+00:00,,,,,,,,
2026-09-18T14:28:14.125026+00:00,spot_16,Spot 16,Empty,2026-09-18T14:20:17.012809+00:00,,,,,,,,
2026-09-18T14:28:14.125026+00:00,spot_17,Spot 17,Empty,2026-09-17T18:54:59.211881+00:00,,,,,,,,
2026-09-18T14:29:17.563790+00:00,spot_1,Spot 1,Empty,2026-09-17T23:15:16.570232+00:00,,,,,,,,
2026-09-18T14:29:17.563790+00:00,spot_2,Spot 2,Empty,2026-09-17T18:54:59.211819+00:00,,,,,,,,
2026-09-18T14:29:17.563790+00:00,spot_3,Spot 3,Occupied,2026-09-18T14:25:19.764755+00:00,205,car,0.6724963784217834,294,447.76849365234375,319.2502136230469,501.77069091796875,367.9505920410156
2026-09-18T14:29:17.563790+00:00,spot_4,Spot 4,Empty,2026-09-17T19:31:40.829505+00:00,,,,,,,,
2026-09-18T14:29:17.563790+00:00,spot_5,Spot 5,Occupied,2026-09-18T14:25:19.764755+00:00,206,car,0.8705887198448181,228,350.48541259765625,325.57012939453125,406.02410888671875,360.62506103515625
2026-09-18T14:29:17.563790+00:00,spot_6,Spot 6,Occupied,2026-09-18T13:29:15.996818+00:00,182,car,0.5714775323867798,3602,284.0440368652344,320.8808898925781,353.1473083496094,368.0608215332031
2026-09-18T14:29:17.563790+00:00,spot_7,Spot 7,Occupied,2026-09-18T13:56:26.319863+00:00,192,car,0.747901201248169,1968,255.31259155273438,318.07012939453125,300.1974792480469,357.46929931640625
2026-09-18T14:29:17.563790+00:00,spot_8,Spot 8,Empty,2026-09-18T13:59:16.473733+00:00,,,,,,,,
2026-09-18T14:29:17.563790+00:00,spot_9,Spot 9,Occupied,2026-09-18T12:45:18.864376+00:00,170,truck,0.5560516715049744,6231,146.158203125,314.03912353515625,221.60247802734375,353.81060791015625
2026-09-18T14:29:17.563790+00:00,spot_10,Spot 10,Empty,2026-09-18T14:21:17.807339+00:00,,,,,,,,
2026-09-18T14:29:17.563790+00:00,spot_11,Spot 11,Occupied,2026-09-18T13:29:15.996818+00:00,183,car,0.6551653742790222,3602,117.12869262695312,323.4060363769531,161.00421142578125,345.9383239746094
2026-09-18T14:29:17.563790+00:00,spot_12,Spot 12,Empty,2026-09-18T14:16:23.818572+00:00,,,,,,,,
2026-09-18T14:29:17.563790+00:00,spot_13,Spot 13,Empty,2026-09-18T00:56:19.559398+00:00,,,,,,,,
2026-09-18T14:29:17.563790+00:00,spot_14,Spot 14,Empty,2026-09-18T00:39:15.838015+00:00,,,,,,,,
2026-09-18T14:29:17.563790+00:00,spot_15,Spot 15,Empty,2026-09-18T14:09:19.751330+00:00,,,,,,,,
2026-09-18T14:29:17.563790+00:00,spot_16,Spot 16,Empty,2026-09-18T14:20:17.012809+00:00,,,,,,,,
2026-09-18T14:29:17.563790+00:00,spot_17,Spot 17,Empty,2026-09-17T18:54:59.211881+00:00,,,,,,,,
2026-09-18T14:30:26.922734+00:00,spot_1,Spot 1,Empty,2026-09-17T23:15:16.570232+00:00,,,,,,,,
2026-09-18T14:30:26.922734+00:00,spot_2,Spot 2,Empty,2026-09-17T18:54:59.211819+00:00,,,,,,,,
2026-09-18T14:30:26.922734+00:00,spot_3,Spot 3,Occupied,2026-09-18T14:25:19.764755+00:00,205,car,0.8167730569839478,374,447.4195556640625,318.8770446777344,502.19891357421875,368.1635437011719
2026-09-18T14:30:26.922734+00:00,spot_4,Spot 4,Empty,2026-09-17T19:31:40.829505+00:00,,,,,,,,
2026-09-18T14:30:26.922734+00:00,spot_5,Spot 5,Occupied,2026-09-18T14:25:19.764755+00:00,206,car,0.8790234923362732,308,350.28961181640625,325.16253662109375,406.4603271484375,360.86846923828125
2026-09-18T14:30:26.922734+00:00,spot_6,Spot 6,Occupied,2026-09-18T13:29:15.996818+00:00,182,car,0.8345243334770203,3683,283.96600341796875,321.0616455078125,364.46954345703125,367.9755859375
2026-09-18T14:30:26.922734+00:00,spot_7,Spot 7,Occupied,2026-09-18T13:56:26.319863+00:00,192,car,0.7403993606567383,2048,255.04766845703125,317.832763671875,301.138427734375,357.1573486328125
2026-09-18T14:30:26.922734+00:00,spot_8,Spot 8,Empty,2026-09-18T13:59:16.473733+00:00,,,,,,,,
2026-09-18T14:30:26.922734+00:00,spot_9,Spot 9,Occupied,2026-09-18T12:45:18.864376+00:00,170,truck,0.652035653591156,6311,145.89199829101562,313.70318603515625,224.64358520507812,353.48724365234375
2026-09-18T14:30:26.922734+00:00,spot_10,Spot 10,Empty,2026-09-18T14:21:17.807339+00:00,,,,,,,,
2026-09-18T14:30:26.922734+00:00,spot_11,Spot 11,Occupied,2026-09-18T13:29:15.996818+00:00,183,car,0.7237657308578491,3683,117.4109115600586,322.5042724609375,160.42416381835938,346.080810546875
2026-09-18T14:30:26.922734+00:00,spot_12,Spot 12,Empty,2026-09-18T14:16:23.818572+00:00,,,,,,,,
2026-09-18T14:30:26.922734+00:00,spot_13,Spot 13,Empty,2026-09-18T00:56:19.559398+00:00,,,,,,,,
2026-09-18T14:30:26.922734+00:00,spot_14,Spot 14,Empty,2026-09-18T00:39:15.838015+00:00,,,,,,,,
2026-09-18T14:30:26.922734+00:00,spot_15,Spot 15,Empty,2026-09-18T14:09:19.751330+00:00,,,,,,,,
2026-09-18T14:30:26.922734+00:00,spot_16,Spot 16,Empty,2026-09-18T14:20:17.012809+00:00,,,,,,,,
2026-09-18T14:30:26.922734+00:00,spot_17,Spot 17,Empty,2026-09-17T18:54:59.211881+00:00,,,,,,,,
2026-09-18T14:31:20.035868+00:00,spot_1,Spot 1,Empty,2026-09-17T23:15:16.570232+00:00,,,,,,,,
2026-09-18T14:31:20.035868+00:00,spot_2,Spot 2,Empty,2026-09-17T18:54:59.211819+00:00,,,,,,,,
2026-09-18T14:31:20.035868+00:00,spot_3,Spot 3,Occupied,2026-09-18T14:25:19.764755+00:00,205,car,0.7786931991577148,418,447.6959533691406,318.58343505859375,501.8949279785156,368.30230712890625
2026-09-18T14:31:20.035868+00:00,spot_4,Spot 4,Empty,2026-09-17T19:31:40.829505+00:00,,,,,,,,
2026-09-18T14:31:20.035868+00:00,spot_5,Spot 5,Occupied,2026-09-18T14:25:19.764755+00:00,206,car,0.8881118297576904,352,350.76171875,325.50048828125,405.431396484375,360.8759765625
2026-09-18T14:31:20.035868+00:00,spot_6,Spot 6,Occupied,2026-09-18T13:29:15.996818+00:00,182,car,0.6999350190162659,3726,284.1133728027344,320.7421569824219,363.2765197753906,367.9782409667969
2026-09-18T14:31:20.035868+00:00,spot_7,Spot 7,Occupied,2026-09-18T13:56:26.319863+00:00,192,car,0.7144950032234192,2092,255.24923706054688,321.92950439453125,304.6703186035156,357.04742431640625
2026-09-18T14:31:20.035868+00:00,spot_8,Spot 8,Empty,2026-09-18T13:59:16.473733+00:00,,,,,,,,
2026-09-18T14:31:20.035868+00:00,spot_9,Spot 9,Occupied,2026-09-18T12:45:18.864376+00:00,170,truck,0.6959613561630249,6355,145.68099975585938,314.15655517578125,224.29489135742188,353.8450927734375
2026-09-18T14:31:20.035868+00:00,spot_10,Spot 10,Empty,2026-09-18T14:21:17.807339+00:00,,,,,,,,
2026-09-18T14:31:20.035868+00:00,spot_11,Spot 11,Occupied,2026-09-18T13:29:15.996818+00:00,183,car,0.7630293369293213,3726,117.55030059814453,322.15081787109375,160.21539306640625,345.54998779296875
2026-09-18T14:31:20.035868+00:00,spot_12,Spot 12,Empty,2026-09-18T14:16:23.818572+00:00,,,,,,,,
2026-09-18T14:31:20.035868+00:00,spot_13,Spot 13,Empty,2026-09-18T00:56:19.559398+00:00,,,,,,,,
2026-09-18T14:31:20.035868+00:00,spot_14,Spot 14,Empty,2026-09-18T00:39:15.838015+00:00,,,,,,,,
2026-09-18T14:31:20.035868+00:00,spot_15,Spot 15,Empty,2026-09-18T14:09:19.751330+00:00,,,,,,,,
2026-09-18T14:31:20.035868+00:00,spot_16,Spot 16,Empty,2026-09-18T14:20:17.012809+00:00,,,,,,,,
2026-09-18T14:31:20.035868+00:00,spot_17,Spot 17,Empty,2026-09-17T18:54:59.211881+00:00,,,,,,,,
2026-09-18T14:32:12.929071+00:00,spot_1,Spot 1,Empty,2026-09-17T23:15:16.570232+00:00,,,,,,,,
2026-09-18T14:32:12.929071+00:00,spot_2,Spot 2,Empty,2026-09-17T18:54:59.211819+00:00,,,,,,,,
2026-09-18T14:32:12.929071+00:00,spot_3,Spot 3,Occupied,2026-09-18T14:25:19.764755+00:00,205,car,0.7058515548706055,471,447.55145263671875,317.6070556640625,502.43939208984375,367.698486328125
2026-09-18T14:32:12.929071+00:00,spot_4,Spot 4,Empty,2026-09-17T19:31:40.829505+00:00,,,,,,,,
2026-09-18T14:32:12.929071+00:00,spot_5,Spot 5,Occupied,2026-09-18T14:25:19.764755+00:00,206,car,0.8553026914596558,405,350.5038146972656,325.3602294921875,403.6091003417969,360.6334228515625
2026-09-18T14:32:12.929071+00:00,spot_6,Spot 6,Occupied,2026-09-18T13:29:15.996818+00:00,182,car,0.6209309697151184,3779,283.938232421875,320.8890380859375,361.44091796875,368.14306640625
2026-09-18T14:32:12.929071+00:00,spot_7,Spot 7,Occupied,2026-09-18T13:56:26.319863+00:00,192,car,0.6436001658439636,2145,255.09762573242188,318.56842041015625,302.2549743652344,357.48223876953125
2026-09-18T14:32:12.929071+00:00,spot_8,Spot 8,Empty,2026-09-18T13:59:16.473733+00:00,,,,,,,,
2026-09-18T14:32:12.929071+00:00,spot_9,Spot 9,Occupied,2026-09-18T12:45:18.864376+00:00,170,truck,0.7193678617477417,6408,146.63583374023438,313.3741455078125,224.78140258789062,353.75567626953125
2026-09-18T14:32:12.929071+00:00,spot_10,Spot 10,Empty,2026-09-18T14:21:17.807339+00:00,,,,,,,,
2026-09-18T14:32:12.929071+00:00,spot_11,Spot 11,Occupied,2026-09-18T13:29:15.996818+00:00,183,car,0.47047215700149536,3779,117.37916564941406,323.30523681640625,160.7780303955078,345.54290771484375
2026-09-18T14:32:12.929071+00:00,spot_12,Spot 12,Empty,2026-09-18T14:16:23.818572+00:00,,,,,,,,
2026-09-18T14:32:12.929071+00:00,spot_13,Spot 13,Empty,2026-09-18T00:56:19.559398+00:00,,,,,,,,
2026-09-18T14:32:12.929071+00:00,spot_14,Spot 14,Empty,2026-09-18T00:39:15.838015+00:00,,,,,,,,
2026-09-18T14:32:12.929071+00:00,spot_15,Spot 15,Empty,2026-09-18T14:09:19.751330+00:00,,,,,,,,
2026-09-18T14:32:12.929071+00:00,spot_16,Spot 16,Empty,2026-09-18T14:20:17.012809+00:00,,,,,,,,
2026-09-18T14:32:12.929071+00:00,spot_17,Spot 17,Empty,2026-09-17T18:54:59.211881+00:00,,,,,,,,
2026-09-18T14:33:16.246641+00:00,spot_1,Spot 1,Empty,2026-09-17T23:15:16.570232+00:00,,,,,,,,
2026-09-18T14:33:16.246641+00:00,spot_2,Spot 2,Empty,2026-09-17T18:54:59.211819+00:00,,,,,,,,
2026-09-18T14:33:16.246641+00:00,spot_3,Spot 3,Occupied,2026-09-18T14:25:19.764755+00:00,205,car,0.8531274795532227,532,447.5751037597656,326.5835266113281,498.7750549316406,368.0276184082031
2026-09-18T14:33:16.246641+00:00,spot_4,Spot 4,Empty,2026-09-17T19:31:40.829505+00:00,,,,,,,,
2026-09-18T14:33:16.246641+00:00,spot_5,Spot 5,Occupied,2026-09-18T14:25:19.764755+00:00,206,car,0.8688976168632507,466,350.7887878417969,325.7552490234375,405.9628601074219,360.8023681640625
2026-09-18T14:33:16.246641+00:00,spot_6,Spot 6,Occupied,2026-09-18T13:29:15.996818+00:00,182,car,0.6976608037948608,3840,284.3947448730469,320.74951171875,353.8875427246094,367.8336181640625
2026-09-18T14:33:16.246641+00:00,spot_7,Spot 7,Occupied,2026-09-18T13:56:26.319863+00:00,192,car,0.7885470986366272,2206,255.29074096679688,318.5762939453125,304.6427307128906,357.78125
2026-09-18T14:33:16.246641+00:00,spot_8,Spot 8,Empty,2026-09-18T13:59:16.473733+00:00,,,,,,,,
2026-09-18T14:33:16.246641+00:00,spot_9,Spot 9,Occupied,2026-09-18T12:45:18.864376+00:00,170,truck,0.5083023905754089,6469,146.32144165039062,313.9713134765625,223.84414672851562,353.8492431640625
2026-09-18T14:33:16.246641+00:00,spot_10,Spot 10,Empty,2026-09-18T14:21:17.807339+00:00,,,,,,,,
2026-09-18T14:33:16.246641+00:00,spot_11,Spot 11,Occupied,2026-09-18T13:29:15.996818+00:00,183,car,0.7446537613868713,3840,118.18717956542969,323.6195068359375,160.29417419433594,345.6048583984375
2026-09-18T14:33:16.246641+00:00,spot_12,Spot 12,Empty,2026-09-18T14:16:23.818572+00:00,,,,,,,,
2026-09-18T14:33:16.246641+00:00,spot_13,Spot 13,Empty,2026-09-18T00:56:19.559398+00:00,,,,,,,,
2026-09-18T14:33:16.246641+00:00,spot_14,Spot 14,Empty,2026-09-18T00:39:15.838015+00:00,,,,,,,,
2026-09-18T14:33:16.246641+00:00,spot_15,Spot 15,Empty,2026-09-18T14:09:19.751330+00:00,,,,,,,,
2026-09-18T14:33:16.246641+00:00,spot_16,Spot 16,Empty,2026-09-18T14:20:17.012809+00:00,,,,,,,,
2026-09-18T14:33:16.246641+00:00,spot_17,Spot 17,Empty,2026-09-17T18:54:59.211881+00:00,,,,,,,,
2026-09-18T14:34:15.117774+00:00,spot_1,Spot 1,Empty,2026-09-17T23:15:16.570232+00:00,,,,,,,,
2026-09-18T14:34:15.117774+00:00,spot_2,Spot 2,Empty,2026-09-17T18:54:59.211819+00:00,,,,,,,,
2026-09-18T14:34:15.117774+00:00,spot_3,Spot 3,Occupied,2026-09-18T14:25:19.764755+00:00,205,car,0.8579118251800537,594,447.25164794921875,325.82415771484375,498.37750244140625,368.11114501953125
2026-09-18T14:34:15.117774+00:00,spot_4,Spot 4,Empty,2026-09-17T19:31:40.829505+00:00,,,,,,,,
2026-09-18T14:34:15.117774+00:00,spot_5,Spot 5,Occupied,2026-09-18T14:25:19.764755+00:00,206,car,0.863614022731781,528,350.686767578125,326.107666015625,402.158447265625,360.79608154296875
2026-09-18T14:34:15.117774+00:00,spot_6,Spot 6,Occupied,2026-09-18T13:29:15.996818+00:00,182,car,0.8237140774726868,3902,283.85504150390625,320.8538818359375,353.44586181640625,368.2550048828125
2026-09-18T14:34:15.117774+00:00,spot_7,Spot 7,Occupied,2026-09-18T13:56:26.319863+00:00,192,car,0.8314417004585266,2268,255.23129272460938,317.9296569824219,304.1949157714844,357.8664245605469
2026-09-18T14:34:15.117774+00:00,spot_8,Spot 8,Empty,2026-09-18T13:59:16.473733+00:00,,,,,,,,
2026-09-18T14:34:15.117774+00:00,spot_9,Spot 9,Occupied,2026-09-18T12:45:18.864376+00:00,170,truck,0.5518091320991516,6531,146.22572326660156,313.9525146484375,224.0579376220703,353.156494140625
2026-09-18T14:34:15.117774+00:00,spot_10,Spot 10,Empty,2026-09-18T14:21:17.807339+00:00,,,,,,,,
2026-09-18T14:34:15.117774+00:00,spot_11,Spot 11,Occupied,2026-09-18T13:29:15.996818+00:00,183,car,0.7838349342346191,3902,117.76529693603516,323.2650146484375,160.24862670898438,345.5233154296875
2026-09-18T14:34:15.117774+00:00,spot_12,Spot 12,Empty,2026-09-18T14:16:23.818572+00:00,,,,,,,,
2026-09-18T14:34:15.117774+00:00,spot_13,Spot 13,Empty,2026-09-18T00:56:19.559398+00:00,,,,,,,,
2026-09-18T14:34:15.117774+00:00,spot_14,Spot 14,Empty,2026-09-18T00:39:15.838015+00:00,,,,,,,,
2026-09-18T14:34:15.117774+00:00,spot_15,Spot 15,Empty,2026-09-18T14:09:19.751330+00:00,,,,,,,,
2026-09-18T14:34:15.117774+00:00,spot_16,Spot 16,Empty,2026-09-18T14:20:17.012809+00:00,,,,,,,,
2026-09-18T14:34:15.117774+00:00,spot_17,Spot 17,Empty,2026-09-17T18:54:59.211881+00:00,,,,,,,,
2026-09-18T14:35:18.463032+00:00,spot_1,Spot 1,Empty,2026-09-17T23:15:16.570232+00:00,,,,,,,,
2026-09-18T14:35:18.463032+00:00,spot_2,Spot 2,Empty,2026-09-17T18:54:59.211819+00:00,,,,,,,,
2026-09-18T14:35:18.463032+00:00,spot_3,Spot 3,Occupied,2026-09-18T14:25:19.764755+00:00,205,car,0.7632412314414978,661,447.08935546875,319.77783203125,502.2122802734375,367.919921875
2026-09-18T14:35:18.463032+00:00,spot_4,Spot 4,Empty,2026-09-17T19:31:40.829505+00:00,,,,,,,,
2026-09-18T14:35:18.463032+00:00,spot_5,Spot 5,Occupied,2026-09-18T14:25:19.764755+00:00,206,car,0.8513328433036804,595,350.8121337890625,326.40667724609375,407.5340576171875,360.77264404296875
2026-09-18T14:35:18.463032+00:00,spot_6,Spot 6,Occupied,2026-09-18T13:29:15.996818+00:00,182,truck,0.5912296175956726,3970,284.2469177246094,320.656982421875,352.0616149902344,368.2822265625
2026-09-18T14:35:18.463032+00:00,spot_7,Spot 7,Occupied,2026-09-18T13:56:26.319863+00:00,192,car,0.6020318865776062,2336,255.2733154296875,318.13720703125,305.22186279296875,358.0968017578125
2026-09-18T14:35:18.463032+00:00,spot_8,Spot 8,Empty,2026-09-18T13:59:16.473733+00:00,,,,,,,,
2026-09-18T14:35:18.463032+00:00,spot_9,Spot 9,Occupied,2026-09-18T12:45:18.864376+00:00,170,car,0.6451354026794434,6598,145.9225616455078,314.26898193359375,222.88392639160156,353.57073974609375
2026-09-18T14:35:18.463032+00:00,spot_10,Spot 10,Empty,2026-09-18T14:21:17.807339+00:00,,,,,,,,
2026-09-18T14:35:18.463032+00:00,spot_11,Spot 11,Occupied,2026-09-18T13:29:15.996818+00:00,183,car,0.7755608558654785,3970,117.52690887451172,323.518310546875,159.61846923828125,345.7808837890625
2026-09-18T14:35:18.463032+00:00,spot_12,Spot 12,Empty,2026-09-18T14:16:23.818572+00:00,,,,,,,,
2026-09-18T14:35:18.463032+00:00,spot_13,Spot 13,Empty,2026-09-18T00:56:19.559398+00:00,,,,,,,,
2026-09-18T14:35:18.463032+00:00,spot_14,Spot 14,Empty,2026-09-18T00:39:15.838015+00:00,,,,,,,,
2026-09-18T14:35:18.463032+00:00,spot_15,Spot 15,Empty,2026-09-18T14:09:19.751330+00:00,,,,,,,,
2026-09-18T14:35:18.463032+00:00,spot_16,Spot 16,Empty,2026-09-18T14:20:17.012809+00:00,,,,,,,,
2026-09-18T14:35:18.463032+00:00,spot_17,Spot 17,Empty,2026-09-17T18:54:59.211881+00:00,,,,,,,,
2026-09-18T14:36:22.785108+00:00,spot_1,Spot 1,Empty,2026-09-17T23:15:16.570232+00:00,,,,,,,,
2026-09-18T14:36:22.785108+00:00,spot_2,Spot 2,Empty,2026-09-17T18:54:59.211819+00:00,,,,,,,,
2026-09-18T14:36:22.785108+00:00,spot_3,Spot 3,Occupied,2026-09-18T14:25:19.764755+00:00,205,car,0.7305581569671631,722,447.76971435546875,325.86669921875,498.39031982421875,367.92205810546875
2026-09-18T14:36:22.785108+00:00,spot_4,Spot 4,Empty,2026-09-17T19:31:40.829505+00:00,,,,,,,,
2026-09-18T14:36:22.785108+00:00,spot_5,Spot 5,Occupied,2026-09-18T14:25:19.764755+00:00,206,car,0.8801918625831604,656,351.2894287109375,325.4044189453125,405.7740478515625,360.817138671875
2026-09-18T14:36:22.785108+00:00,spot_6,Spot 6,Occupied,2026-09-18T13:29:15.996818+00:00,182,car,0.5394893288612366,4030,283.9266357421875,321.0482482910156,352.9134521484375,368.1255798339844
2026-09-18T14:36:22.785108+00:00,spot_7,Spot 7,Occupied,2026-09-18T13:56:26.319863+00:00,192,car,0.8292647004127502,2396,255.74981689453125,317.8779296875,304.5797119140625,357.66278076171875
2026-09-18T14:36:22.785108+00:00,spot_8,Spot 8,Empty,2026-09-18T13:59:16.473733+00:00,,,,,,,,
2026-09-18T14:36:22.785108+00:00,spot_9,Spot 9,Occupied,2026-09-18T12:45:18.864376+00:00,170,car,0.46216821670532227,6659,148.0806884765625,313.9236831665039,225.9329833984375,354.03065490722656
2026-09-18T14:36:22.785108+00:00,spot_10,Spot 10,Empty,2026-09-18T14:21:17.807339+00:00,,,,,,,,
2026-09-18T14:36:22.785108+00:00,spot_11,Spot 11,Occupied,2026-09-18T13:29:15.996818+00:00,183,car,0.694481372833252,4030,118.5627670288086,323.56268310546875,161.00680541992188,345.64361572265625
2026-09-18T14:36:22.785108+00:00,spot_12,Spot 12,Empty,2026-09-18T14:16:23.818572+00:00,,,,,,,,
2026-09-18T14:36:22.785108+00:00,spot_13,Spot 13,Empty,2026-09-18T00:56:19.559398+00:00,,,,,,,,
2026-09-18T14:36:22.785108+00:00,spot_14,Spot 14,Empty,2026-09-18T00:39:15.838015+00:00,,,,,,,,
2026-09-18T14:36:22.785108+00:00,spot_15,Spot 15,Empty,2026-09-18T14:09:19.751330+00:00,,,,,,,,
2026-09-18T14:36:22.785108+00:00,spot_16,Spot 16,Empty,2026-09-18T14:20:17.012809+00:00,,,,,,,,
2026-09-18T14:36:22.785108+00:00,spot_17,Spot 17,Empty,2026-09-17T18:54:59.211881+00:00,,,,,,,,
2026-09-18T14:37:14.838335+00:00,spot_1,Spot 1,Empty,2026-09-17T23:15:16.570232+00:00,,,,,,,,
2026-09-18T14:37:14.838335+00:00,spot_2,Spot 2,Empty,2026-09-17T18:54:59.211819+00:00,,,,,,,,
2026-09-18T14:37:14.838335+00:00,spot_3,Spot 3,Occupied,2026-09-18T14:25:19.764755+00:00,205,car,0.6534181237220764,771,447.17987060546875,319.0437316894531,503.27777099609375,368.1545104980469
2026-09-18T14:37:14.838335+00:00,spot_4,Spot 4,Empty,2026-09-17T19:31:40.829505+00:00,,,,,,,,
2026-09-18T14:37:14.838335+00:00,spot_5,Spot 5,Occupied,2026-09-18T14:25:19.764755+00:00,206,car,0.8262077569961548,705,351.11737060546875,325.31805419921875,404.41668701171875,360.66607666015625
2026-09-18T14:37:14.838335+00:00,spot_6,Spot 6,Occupied,2026-09-18T13:29:15.996818+00:00,182,car,0.6178547143936157,4080,283.91973876953125,320.87225341796875,353.02130126953125,368.21026611328125
2026-09-18T14:37:14.838335+00:00,spot_7,Spot 7,Occupied,2026-09-18T13:56:26.319863+00:00,192,car,0.49735286831855774,2445,255.2001495361328,319.94744873046875,303.33135986328125,357.7713623046875
2026-09-18T14:37:14.838335+00:00,spot_8,Spot 8,Occupied,2026-09-18T14:37:14.838335+00:00,207,car,0.8316690325737,0,186.4361572265625,323.3919677734375,251.03338623046875,353.92572021484375
2026-09-18T14:37:14.838335+00:00,spot_9,Spot 9,Occupied,2026-09-18T12:45:18.864376+00:00,170,car,0.5376347899436951,6708,145.70654296875,313.94500732421875,223.763427734375,353.5670166015625
2026-09-18T14:37:14.838335+00:00,spot_10,Spot 10,Empty,2026-09-18T14:21:17.807339+00:00,,,,,,,,
2026-09-18T14:37:14.838335+00:00,spot_11,Spot 11,Occupied,2026-09-18T13:29:15.996818+00:00,183,car,0.6778795719146729,4080,123.0270004272461,323.82757568359375,161.29428100585938,345.3663330078125
2026-09-18T14:37:14.838335+00:00,spot_12,Spot 12,Empty,2026-09-18T14:16:23.818572+00:00,,,,,,,,
2026-09-18T14:37:14.838335+00:00,spot_13,Spot 13,Empty,2026-09-18T00:56:19.559398+00:00,,,,,,,,
2026-09-18T14:37:14.838335+00:00,spot_14,Spot 14,Empty,2026-09-18T00:39:15.838015+00:00,,,,,,,,
2026-09-18T14:37:14.838335+00:00,spot_15,Spot 15,Empty,2026-09-18T14:09:19.751330+00:00,,,,,,,,
2026-09-18T14:37:14.838335+00:00,spot_16,Spot 16,Empty,2026-09-18T14:20:17.012809+00:00,,,,,,,,
2026-09-18T14:37:14.838335+00:00,spot_17,Spot 17,Empty,2026-09-17T18:54:59.211881+00:00,,,,,,,,
2026-09-18T14:38:15.965130+00:00,spot_1,Spot 1,Empty,2026-09-17T23:15:16.570232+00:00,,,,,,,,
2026-09-18T14:38:15.965130+00:00,spot_2,Spot 2,Empty,2026-09-17T18:54:59.211819+00:00,,,,,,,,
2026-09-18T14:38:15.965130+00:00,spot_3,Spot 3,Occupied,2026-09-18T14:25:19.764755+00:00,205,car,0.6519277095794678,843,447.6224365234375,325.76763916015625,499.808837890625,368.07513427734375
2026-09-18T14:38:15.965130+00:00,spot_4,Spot 4,Empty,2026-09-17T19:31:40.829505+00:00,,,,,,,,
2026-09-18T14:38:15.965130+00:00,spot_5,Spot 5,Occupied,2026-09-18T14:25:19.764755+00:00,206,car,0.8252825736999512,777,350.84991455078125,324.8509826660156,406.486083984375,360.7070617675781
2026-09-18T14:38:15.965130+00:00,spot_6,Spot 6,Occupied,2026-09-18T13:29:15.996818+00:00,182,car,0.5474472641944885,4151,284.07489013671875,320.80731201171875,355.51287841796875,368.0714111328125
2026-09-18T14:38:15.965130+00:00,spot_7,Spot 7,Occupied,2026-09-18T13:56:26.319863+00:00,192,car,0.6801504492759705,2517,255.55328369140625,317.33526611328125,301.04498291015625,357.471923828125
2026-09-18T14:38:15.965130+00:00,spot_8,Spot 8,Occupied,2026-09-18T14:37:14.838335+00:00,207,car,0.8118071556091309,71,186.58230590820312,322.8636474609375,250.80941772460938,354.273681640625
2026-09-18T14:38:15.965130+00:00,spot_9,Spot 9,Occupied,2026-09-18T12:45:18.864376+00:00,170,car,0.693160891532898,6780,145.96893310546875,314.1510314941406,223.52337646484375,353.1432800292969
2026-09-18T14:38:15.965130+00:00,spot_10,Spot 10,Empty,2026-09-18T14:21:17.807339+00:00,,,,,,,,
2026-09-18T14:38:15.965130+00:00,spot_11,Spot 11,Occupied,2026-09-18T13:29:15.996818+00:00,183,car,0.7571549415588379,4151,118.51626586914062,323.32415771484375,160.76583862304688,345.65191650390625
2026-09-18T14:38:15.965130+00:00,spot_12,Spot 12,Empty,2026-09-18T14:16:23.818572+00:00,,,,,,,,
2026-09-18T14:38:15.965130+00:00,spot_13,Spot 13,Empty,2026-09-18T00:56:19.559398+00:00,,,,,,,,
2026-09-18T14:38:15.965130+00:00,spot_14,Spot 14,Empty,2026-09-18T00:39:15.838015+00:00,,,,,,,,
2026-09-18T14:38:15.965130+00:00,spot_15,Spot 15,Empty,2026-09-18T14:09:19.751330+00:00,,,,,,,,
2026-09-18T14:38:15.965130+00:00,spot_16,Spot 16,Empty,2026-09-18T14:20:17.012809+00:00,,,,,,,,
2026-09-18T14:38:15.965130+00:00,spot_17,Spot 17,Empty,2026-09-17T18:54:59.211881+00:00,,,,,,,,
2026-09-18T14:39:17.709006+00:00,spot_1,Spot 1,Empty,2026-09-17T23:15:16.570232+00:00,,,,,,,,
2026-09-18T14:39:17.709006+00:00,spot_2,Spot 2,Empty,2026-09-17T18:54:59.211819+00:00,,,,,,,,
2026-09-18T14:39:17.709006+00:00,spot_3,Spot 3,Occupied,2026-09-18T14:25:19.764755+00:00,205,car,0.7795059680938721,895,447.16864013671875,319.07562255859375,501.9825439453125,367.43048095703125
2026-09-18T14:39:17.709006+00:00,spot_4,Spot 4,Empty,2026-09-17T19:31:40.829505+00:00,,,,,,,,
2026-09-18T14:39:17.709006+00:00,spot_5,Spot 5,Occupied,2026-09-18T14:25:19.764755+00:00,206,car,0.8612992167472839,829,350.0208740234375,325.5309753417969,405.8372802734375,360.7315368652344
2026-09-18T14:39:17.709006+00:00,spot_6,Spot 6,Occupied,2026-09-18T13:29:15.996818+00:00,182,car,0.4303605556488037,4203,284.116943359375,320.76629638671875,358.74951171875,368.03753662109375
2026-09-18T14:39:17.709006+00:00,spot_7,Spot 7,Occupied,2026-09-18T13:56:26.319863+00:00,192,car,0.7127292156219482,2569,255.0968017578125,318.51995849609375,299.25592041015625,357.49017333984375
2026-09-18T14:39:17.709006+00:00,spot_8,Spot 8,Occupied,2026-09-18T14:37:14.838335+00:00,207,car,0.8058416247367859,123,186.5950164794922,323.21075439453125,251.0476837158203,353.85467529296875
2026-09-18T14:39:17.709006+00:00,spot_9,Spot 9,Occupied,2026-09-18T12:45:18.864376+00:00,170,car,0.7261216640472412,6832,145.98312377929688,314.3014831542969,222.84805297851562,353.2568664550781
2026-09-18T14:39:17.709006+00:00,spot_10,Spot 10,Empty,2026-09-18T14:21:17.807339+00:00,,,,,,,,
2026-09-18T14:39:17.709006+00:00,spot_11,Spot 11,Occupied,2026-09-18T13:29:15.996818+00:00,183,car,0.7463948726654053,4203,118.16659545898438,323.4571228027344,160.71554565429688,345.6281433105469
2026-09-18T14:39:17.709006+00:00,spot_12,Spot 12,Empty,2026-09-18T14:16:23.818572+00:00,,,,,,,,
2026-09-18T14:39:17.709006+00:00,spot_13,Spot 13,Empty,2026-09-18T00:56:19.559398+00:00,,,,,,,,
2026-09-18T14:39:17.709006+00:00,spot_14,Spot 14,Empty,2026-09-18T00:39:15.838015+00:00,,,,,,,,
2026-09-18T14:39:17.709006+00:00,spot_15,Spot 15,Empty,2026-09-18T14:09:19.751330+00:00,,,,,,,,
2026-09-18T14:39:17.709006+00:00,spot_16,Spot 16,Empty,2026-09-18T14:20:17.012809+00:00,,,,,,,,
2026-09-18T14:39:17.709006+00:00,spot_17,Spot 17,Empty,2026-09-17T18:54:59.211881+00:00,,,,,,,,
2026-09-18T14:40:23.407820+00:00,spot_1,Spot 1,Empty,2026-09-17T23:15:16.570232+00:00,,,,,,,,
2026-09-18T14:40:23.407820+00:00,spot_2,Spot 2,Empty,2026-09-17T18:54:59.211819+00:00,,,,,,,,
2026-09-18T14:40:23.407820+00:00,spot_3,Spot 3,Occupied,2026-09-18T14:25:19.764755+00:00,205,car,0.7508677840232849,970,447.4908447265625,317.1802978515625,504.456298828125,367.9827880859375
2026-09-18T14:40:23.407820+00:00,spot_4,Spot 4,Empty,2026-09-17T19:31:40.829505+00:00,,,,,,,,
2026-09-18T14:40:23.407820+00:00,spot_5,Spot 5,Occupied,2026-09-18T14:25:19.764755+00:00,206,car,0.8322431445121765,905,349.9811096191406,326.29376220703125,404.5318908691406,360.90191650390625
2026-09-18T14:40:23.407820+00:00,spot_6,Spot 6,Occupied,2026-09-18T13:29:15.996818+00:00,182,car,0.6517610549926758,4279,284.42724609375,320.92657470703125,352.24285888671875,368.08624267578125
2026-09-18T14:40:23.407820+00:00,spot_7,Spot 7,Occupied,2026-09-18T13:56:26.319863+00:00,192,car,0.5084875822067261,2645,255.30899047851562,317.4306640625,302.5665588378906,357.7733154296875
2026-09-18T14:40:23.407820+00:00,spot_8,Spot 8,Occupied,2026-09-18T14:37:14.838335+00:00,207,car,0.6400777697563171,199,186.31918334960938,322.62432861328125,251.04922485351562,354.72174072265625
2026-09-18T14:40:23.407820+00:00,spot_9,Spot 9,Occupied,2026-09-18T12:45:18.864376+00:00,170,car,0.6949580907821655,6908,146.37088012695312,313.52935791015625,222.101806640625,353.50982666015625
2026-09-18T14:40:23.407820+00:00,spot_10,Spot 10,Occupied,2026-09-18T14:40:23.407820+00:00,208,car,0.42746347188949585,0,148.42010498046875,319.8678970336914,189.6663818359375,352.95851135253906
2026-09-18T14:40:23.407820+00:00,spot_11,Spot 11,Occupied,2026-09-18T13:29:15.996818+00:00,183,car,0.7026089429855347,4279,117.93230438232422,323.23431396484375,160.91754150390625,345.59381103515625
2026-09-18T14:40:23.407820+00:00,spot_12,Spot 12,Empty,2026-09-18T14:16:23.818572+00:00,,,,,,,,
2026-09-18T14:40:23.407820+00:00,spot_13,Spot 13,Empty,2026-09-18T00:56:19.559398+00:00,,,,,,,,
2026-09-18T14:40:23.407820+00:00,spot_14,Spot 14,Empty,2026-09-18T00:39:15.838015+00:00,,,,,,,,
2026-09-18T14:40:23.407820+00:00,spot_15,Spot 15,Empty,2026-09-18T14:09:19.751330+00:00,,,,,,,,
2026-09-18T14:40:23.407820+00:00,spot_16,Spot 16,Empty,2026-09-18T14:20:17.012809+00:00,,,,,,,,
2026-09-18T14:40:23.407820+00:00,spot_17,Spot 17,Empty,2026-09-17T18:54:59.211881+00:00,,,,,,,,
2026-09-18T14:41:18.253341+00:00,spot_1,Spot 1,Empty,2026-09-17T23:15:16.570232+00:00,,,,,,,,
2026-09-18T14:41:18.253341+00:00,spot_2,Spot 2,Empty,2026-09-17T18:54:59.211819+00:00,,,,,,,,
2026-09-18T14:41:18.253341+00:00,spot_3,Spot 3,Occupied,2026-09-18T14:25:19.764755+00:00,205,car,0.7508677840232849,1015,447.4908447265625,317.1802978515625,504.456298828125,367.9827880859375
2026-09-18T14:41:18.253341+00:00,spot_4,Spot 4,Empty,2026-09-17T19:31:40.829505+00:00,,,,,,,,
2026-09-18T14:41:18.253341+00:00,spot_5,Spot 5,Occupied,2026-09-18T14:25:19.764755+00:00,206,car,0.8322431445121765,949,349.9811096191406,326.29376220703125,404.5318908691406,360.90191650390625
2026-09-18T14:41:18.253341+00:00,spot_6,Spot 6,Occupied,2026-09-18T13:29:15.996818+00:00,182,car,0.6517610549926758,4323,284.42724609375,320.92657470703125,352.24285888671875,368.08624267578125
2026-09-18T14:41:18.253341+00:00,spot_7,Spot 7,Occupied,2026-09-18T13:56:26.319863+00:00,192,car,0.5084875822067261,2689,255.30899047851562,317.4306640625,302.5665588378906,357.7733154296875
2026-09-18T14:41:18.253341+00:00,spot_8,Spot 8,Occupied,2026-09-18T14:37:14.838335+00:00,207,car,0.6400777697563171,243,186.31918334960938,322.62432861328125,251.04922485351562,354.72174072265625
2026-09-18T14:41:18.253341+00:00,spot_9,Spot 9,Occupied,2026-09-18T12:45:18.864376+00:00,170,car,0.6949580907821655,6952,146.37088012695312,313.52935791015625,222.101806640625,353.50982666015625
2026-09-18T14:41:18.253341+00:00,spot_10,Spot 10,Occupied,2026-09-18T14:40:23.407820+00:00,208,car,0.42746347188949585,44,148.42010498046875,319.8678970336914,189.6663818359375,352.95851135253906
2026-09-18T14:41:18.253341+00:00,spot_11,Spot 11,Occupied,2026-09-18T13:29:15.996818+00:00,183,car,0.7026089429855347,4323,117.93230438232422,323.23431396484375,160.91754150390625,345.59381103515625
2026-09-18T14:41:18.253341+00:00,spot_12,Spot 12,Empty,2026-09-18T14:16:23.818572+00:00,,,,,,,,
2026-09-18T14:41:18.253341+00:00,spot_13,Spot 13,Empty,2026-09-18T00:56:19.559398+00:00,,,,,,,,
2026-09-18T14:41:18.253341+00:00,spot_14,Spot 14,Empty,2026-09-18T00:39:15.838015+00:00,,,,,,,,
2026-09-18T14:41:18.253341+00:00,spot_15,Spot 15,Empty,2026-09-18T14:09:19.751330+00:00,,,,,,,,
2026-09-18T14:41:18.253341+00:00,spot_16,Spot 16,Empty,2026-09-18T14:20:17.012809+00:00,,,,,,,,
2026-09-18T14:41:18.253341+00:00,spot_17,Spot 17,Empty,2026-09-17T18:54:59.211881+00:00,,,,,,,,
2026-09-18T14:42:13.312599+00:00,spot_1,Spot 1,Empty,2026-09-17T23:15:16.570232+00:00,,,,,,,,
2026-09-18T14:42:13.312599+00:00,spot_2,Spot 2,Occupied,2026-09-18T14:42:13.312599+00:00,209,bus,0.7780683636665344,0,520.047119140625,304.6109924316406,567.384765625,363.8601379394531
2026-09-18T14:42:13.312599+00:00,spot_3,Spot 3,Occupied,2026-09-18T14:25:19.764755+00:00,205,car,0.711850106716156,1072,447.34588623046875,324.64208984375,498.33245849609375,368.3558349609375
2026-09-18T14:42:13.312599+00:00,spot_4,Spot 4,Empty,2026-09-17T19:31:40.829505+00:00,,,,,,,,
2026-09-18T14:42:13.312599+00:00,spot_5,Spot 5,Occupied,2026-09-18T14:25:19.764755+00:00,206,car,0.8426219820976257,1006,351.1603088378906,324.7276916503906,406.9004821777344,360.5958557128906
2026-09-18T14:42:13.312599+00:00,spot_6,Spot 6,Occupied,2026-09-18T13:29:15.996818+00:00,182,car,0.6079257130622864,4380,283.8458251953125,320.74444580078125,353.2860107421875,367.80950927734375
2026-09-18T14:42:13.312599+00:00,spot_7,Spot 7,Occupied,2026-09-18T13:56:26.319863+00:00,192,car,0.6793799996376038,2746,255.13568115234375,317.66845703125,306.0635986328125,357.4730224609375
2026-09-18T14:42:13.312599+00:00,spot_8,Spot 8,Occupied,2026-09-18T14:37:14.838335+00:00,207,car,0.7961262464523315,300,186.80752563476562,323.2855529785156,251.17758178710938,353.9605407714844
2026-09-18T14:42:13.312599+00:00,spot_9,Spot 9,Occupied,2026-09-18T12:45:18.864376+00:00,170,car,0.558124303817749,7009,145.18435668945312,313.4287414550781,223.67977905273438,353.3863830566406
2026-09-18T14:42:13.312599+00:00,spot_10,Spot 10,Empty,2026-09-18T14:42:13.312599+00:00,,,,,,,,
2026-09-18T14:42:13.312599+00:00,spot_11,Spot 11,Occupied,2026-09-18T13:29:15.996818+00:00,183,car,0.7963201999664307,4380,118.06602478027344,322.4826354980469,160.20680236816406,345.9911193847656
2026-09-18T14:42:13.312599+00:00,spot_12,Spot 12,Empty,2026-09-18T14:16:23.818572+00:00,,,,,,,,
2026-09-18T14:42:13.312599+00:00,spot_13,Spot 13,Empty,2026-09-18T00:56:19.559398+00:00,,,,,,,,
2026-09-18T14:42:13.312599+00:00,spot_14,Spot 14,Empty,2026-09-18T00:39:15.838015+00:00,,,,,,,,
2026-09-18T14:42:13.312599+00:00,spot_15,Spot 15,Empty,2026-09-18T14:09:19.751330+00:00,,,,,,,,
2026-09-18T14:42:13.312599+00:00,spot_16,Spot 16,Empty,2026-09-18T14:20:17.012809+00:00,,,,,,,,
2026-09-18T14:42:13.312599+00:00,spot_17,Spot 17,Empty,2026-09-17T18:54:59.211881+00:00,,,,,,,,
2026-09-18T14:43:17.858457+00:00,spot_1,Spot 1,Empty,2026-09-17T23:15:16.570232+00:00,,,,,,,,
2026-09-18T14:43:17.858457+00:00,spot_2,Spot 2,Occupied,2026-09-18T14:42:13.312599+00:00,209,bus,0.8768147826194763,62,520.7869873046875,304.3645324707031,567.2607421875,363.6587219238281
2026-09-18T14:43:17.858457+00:00,spot_3,Spot 3,Occupied,2026-09-18T14:25:19.764755+00:00,205,car,0.7395774722099304,1134,447.0623779296875,322.832275390625,498.42608642578125,367.555908203125
2026-09-18T14:43:17.858457+00:00,spot_4,Spot 4,Empty,2026-09-17T19:31:40.829505+00:00,,,,,,,,
2026-09-18T14:43:17.858457+00:00,spot_5,Spot 5,Occupied,2026-09-18T14:25:19.764755+00:00,206,car,0.8806239366531372,1068,350.7047119140625,326.1724548339844,404.9705810546875,360.9676208496094
2026-09-18T14:43:17.858457+00:00,spot_6,Spot 6,Occupied,2026-09-18T13:29:15.996818+00:00,182,car,0.5659255385398865,4442,284.32257080078125,320.82977294921875,355.1173095703125,367.88848876953125
2026-09-18T14:43:17.858457+00:00,spot_7,Spot 7,Occupied,2026-09-18T13:56:26.319863+00:00,192,car,0.7883250117301941,2808,255.32269287109375,317.5800476074219,298.846923828125,357.3444519042969
2026-09-18T14:43:17.858457+00:00,spot_8,Spot 8,Occupied,2026-09-18T14:37:14.838335+00:00,207,car,0.8134881258010864,362,186.97845458984375,322.7744140625,251.32598876953125,353.7725830078125
2026-09-18T14:43:17.858457+00:00,spot_9,Spot 9,Empty,2026-09-18T14:43:17.858457+00:00,,,,,,,,
2026-09-18T14:43:17.858457+00:00,spot_10,Spot 10,Occupied,2026-09-18T14:43:17.858457+00:00,211,car,0.17232482135295868,0,159.37644958496094,320.9763412475586,188.32850646972656,346.0078659057617
2026-09-18T14:43:17.858457+00:00,spot_11,Spot 11,Occupied,2026-09-18T13:29:15.996818+00:00,183,car,0.7705115079879761,4442,117.84680938720703,323.51065826416016,161.06668090820312,345.8999328613281
2026-09-18T14:43:17.858457+00:00,spot_12,Spot 12,Empty,2026-09-18T14:16:23.818572+00:00,,,,,,,,
2026-09-18T14:43:17.858457+00:00,spot_13,Spot 13,Empty,2026-09-18T00:56:19.559398+00:00,,,,,,,,
2026-09-18T14:43:17.858457+00:00,spot_14,Spot 14,Empty,2026-09-18T00:39:15.838015+00:00,,,,,,,,
2026-09-18T14:43:17.858457+00:00,spot_15,Spot 15,Empty,2026-09-18T14:09:19.751330+00:00,,,,,,,,
2026-09-18T14:43:17.858457+00:00,spot_16,Spot 16,Empty,2026-09-18T14:20:17.012809+00:00,,,,,,,,
2026-09-18T14:43:17.858457+00:00,spot_17,Spot 17,Empty,2026-09-17T18:54:59.211881+00:00,,,,,,,,
2026-09-18T14:44:17.635162+00:00,spot_1,Spot 1,Empty,2026-09-17T23:15:16.570232+00:00,,,,,,,,
2026-09-18T14:44:17.635162+00:00,spot_2,Spot 2,Occupied,2026-09-18T14:42:13.312599+00:00,209,bus,0.6949969530105591,124,520.5877075195312,304.7247619628906,568.0695190429688,364.1407165527344
2026-09-18T14:44:17.635162+00:00,spot_3,Spot 3,Occupied,2026-09-18T14:25:19.764755+00:00,205,car,0.6584880948066711,1197,447.8714294433594,325.46221923828125,496.9085998535156,367.59429931640625
2026-09-18T14:44:17.635162+00:00,spot_4,Spot 4,Empty,2026-09-17T19:31:40.829505+00:00,,,,,,,,
2026-09-18T14:44:17.635162+00:00,spot_5,Spot 5,Occupied,2026-09-18T14:25:19.764755+00:00,206,car,0.8696277737617493,1131,350.806640625,326.6014404296875,404.456787109375,361.20343017578125
2026-09-18T14:44:17.635162+00:00,spot_6,Spot 6,Occupied,2026-09-18T13:29:15.996818+00:00,182,car,0.7482782602310181,4505,284.36334228515625,320.6227722167969,360.67462158203125,368.3934020996094
2026-09-18T14:44:17.635162+00:00,spot_7,Spot 7,Occupied,2026-09-18T13:56:26.319863+00:00,192,car,0.7813112139701843,2871,255.4755859375,318.26544189453125,304.62005615234375,358.12481689453125
2026-09-18T14:44:17.635162+00:00,spot_8,Spot 8,Occupied,2026-09-18T14:37:14.838335+00:00,207,car,0.811468780040741,425,186.34756469726562,323.2308349609375,251.22378540039062,354.4114990234375
2026-09-18T14:44:17.635162+00:00,spot_9,Spot 9,Occupied,2026-09-18T14:44:17.635162+00:00,212,car,0.5896706581115723,0,145.6552734375,313.3360595703125,223.49737548828125,353.4285888671875
2026-09-18T14:44:17.635162+00:00,spot_10,Spot 10,Empty,2026-09-18T14:44:17.635162+00:00,,,,,,,,
2026-09-18T14:44:17.635162+00:00,spot_11,Spot 11,Occupied,2026-09-18T13:29:15.996818+00:00,183,car,0.5514524579048157,4505,118.65052795410156,323.41168212890625,161.66078186035156,345.60443115234375
2026-09-18T14:44:17.635162+00:00,spot_12,Spot 12,Empty,2026-09-18T14:16:23.818572+00:00,,,,,,,,
2026-09-18T14:44:17.635162+00:00,spot_13,Spot 13,Empty,2026-09-18T00:56:19.559398+00:00,,,,,,,,
2026-09-18T14:44:17.635162+00:00,spot_14,Spot 14,Empty,2026-09-18T00:39:15.838015+00:00,,,,,,,,
2026-09-18T14:44:17.635162+00:00,spot_15,Spot 15,Empty,2026-09-18T14:09:19.751330+00:00,,,,,,,,
2026-09-18T14:44:17.635162+00:00,spot_16,Spot 16,Empty,2026-09-18T14:20:17.012809+00:00,,,,,,,,
2026-09-18T14:44:17.635162+00:00,spot_17,Spot 17,Empty,2026-09-17T18:54:59.211881+00:00,,,,,,,,
2026-09-18T14:45:18.404551+00:00,spot_1,Spot 1,Empty,2026-09-17T23:15:16.570232+00:00,,,,,,,,
2026-09-18T14:45:18.404551+00:00,spot_2,Spot 2,Empty,2026-09-18T14:45:18.404551+00:00,,,,,,,,
2026-09-18T14:45:18.404551+00:00,spot_3,Spot 3,Occupied,2026-09-18T14:25:19.764755+00:00,205,car,0.5672456622123718,1263,447.43048095703125,326.1456298828125,498.25408935546875,365.9351806640625
2026-09-18T14:45:18.404551+00:00,spot_4,Spot 4,Occupied,2026-09-18T14:45:18.404551+00:00,213,truck,0.8654695153236389,0,312.50201416015625,342.54046630859375,488.26055908203125,415.80255126953125
2026-09-18T14:45:18.404551+00:00,spot_5,Spot 5,Occupied,2026-09-18T14:25:19.764755+00:00,206,car,0.7507401704788208,1197,350.36279296875,325.80316162109375,406.283203125,353.0833740234375
2026-09-18T14:45:18.404551+00:00,spot_6,Spot 6,Occupied,2026-09-18T13:29:15.996818+00:00,182,car,0.7095363140106201,4571,284.2144775390625,320.48187255859375,356.526123046875,366.9842529296875
2026-09-18T14:45:18.404551+00:00,spot_7,Spot 7,Occupied,2026-09-18T13:56:26.319863+00:00,192,car,0.7896562814712524,2937,255.4366455078125,319.14117431640625,305.26025390625,357.94708251953125
2026-09-18T14:45:18.404551+00:00,spot_8,Spot 8,Occupied,2026-09-18T14:37:14.838335+00:00,207,car,0.7760166525840759,491,186.123779296875,323.29962158203125,250.93408203125,354.20501708984375
2026-09-18T14:45:18.404551+00:00,spot_9,Spot 9,Occupied,2026-09-18T14:44:17.635162+00:00,212,car,0.7433452606201172,66,146.4503173828125,313.6658020019531,223.77337646484375,353.1724548339844
2026-09-18T14:45:18.404551+00:00,spot_10,Spot 10,Empty,2026-09-18T14:44:17.635162+00:00,,,,,,,,
2026-09-18T14:45:18.404551+00:00,spot_11,Spot 11,Occupied,2026-09-18T13:29:15.996818+00:00,183,car,0.7175309658050537,4571,117.84642028808594,323.62939453125,155.32395935058594,345.71923828125
2026-09-18T14:45:18.404551+00:00,spot_12,Spot 12,Empty,2026-09-18T14:16:23.818572+00:00,,,,,,,,
2026-09-18T14:45:18.404551+00:00,spot_13,Spot 13,Empty,2026-09-18T00:56:19.559398+00:00,,,,,,,,
2026-09-18T14:45:18.404551+00:00,spot_14,Spot 14,Empty,2026-09-18T00:39:15.838015+00:00,,,,,,,,
2026-09-18T14:45:18.404551+00:00,spot_15,Spot 15,Empty,2026-09-18T14:09:19.751330+00:00,,,,,,,,
2026-09-18T14:45:18.404551+00:00,spot_16,Spot 16,Empty,2026-09-18T14:20:17.012809+00:00,,,,,,,,
2026-09-18T14:45:18.404551+00:00,spot_17,Spot 17,Empty,2026-09-17T18:54:59.211881+00:00,,,,,,,,
2026-09-18T14:46:22.763324+00:00,spot_1,Spot 1,Occupied,2026-09-18T14:46:22.763324+00:00,214,car,0.8592952489852905,0,575.4474487304688,312.964111328125,617.8545532226562,358.0020751953125
2026-09-18T14:46:22.763324+00:00,spot_2,Spot 2,Empty,2026-09-18T14:45:18.404551+00:00,,,,,,,,
2026-09-18T14:46:22.763324+00:00,spot_3,Spot 3,Occupied,2026-09-18T14:25:19.764755+00:00,205,car,0.7008886337280273,1322,447.36090087890625,324.21514892578125,503.18829345703125,368.361328125
2026-09-18T14:46:22.763324+00:00,spot_4,Spot 4,Occupied,2026-09-18T14:45:18.404551+00:00,213,car,0.8686575889587402,58,350.17364501953125,339.037353515625,431.16461181640625,388.927001953125
2026-09-18T14:46:22.763324+00:00,spot_5,Spot 5,Occupied,2026-09-18T14:25:19.764755+00:00,206,car,0.8198967576026917,1256,350.0412902832031,326.32659912109375,406.3338928222656,359.07952880859375
2026-09-18T14:46:22.763324+00:00,spot_6,Spot 6,Occupied,2026-09-18T13:29:15.996818+00:00,182,car,0.563309907913208,4630,284.21917724609375,320.7071533203125,353.193359375,368.12890625
2026-09-18T14:46:22.763324+00:00,spot_7,Spot 7,Occupied,2026-09-18T13:56:26.319863+00:00,192,car,0.7084742188453674,2996,255.24871826171875,318.65411376953125,305.64984130859375,358.1588134765625
2026-09-18T14:46:22.763324+00:00,spot_8,Spot 8,Occupied,2026-09-18T14:37:14.838335+00:00,207,car,0.6096435189247131,550,186.28216552734375,322.600830078125,251.306884765625,354.4283447265625
2026-09-18T14:46:22.763324+00:00,spot_9,Spot 9,Occupied,2026-09-18T14:44:17.635162+00:00,212,car,0.5965380668640137,124,146.16647338867188,313.11383056640625,220.50399780273438,353.35809326171875
2026-09-18T14:46:22.763324+00:00,spot_10,Spot 10,Empty,2026-09-18T14:44:17.635162+00:00,,,,,,,,
2026-09-18T14:46:22.763324+00:00,spot_11,Spot 11,Occupied,2026-09-18T13:29:15.996818+00:00,183,car,0.7685855031013489,4630,117.24859619140625,323.09881591796875,160.5001220703125,345.62847900390625
2026-09-18T14:46:22.763324+00:00,spot_12,Spot 12,Empty,2026-09-18T14:16:23.818572+00:00,,,,,,,,
2026-09-18T14:46:22.763324+00:00,spot_13,Spot 13,Empty,2026-09-18T00:56:19.559398+00:00,,,,,,,,
2026-09-18T14:46:22.763324+00:00,spot_14,Spot 14,Empty,2026-09-18T00:39:15.838015+00:00,,,,,,,,
2026-09-18T14:46:22.763324+00:00,spot_15,Spot 15,Empty,2026-09-18T14:09:19.751330+00:00,,,,,,,,
2026-09-18T14:46:22.763324+00:00,spot_16,Spot 16,Empty,2026-09-18T14:20:17.012809+00:00,,,,,,,,
2026-09-18T14:46:22.763324+00:00,spot_17,Spot 17,Empty,2026-09-17T18:54:59.211881+00:00,,,,,,,,
2026-09-18T14:47:16.292641+00:00,spot_1,Spot 1,Occupied,2026-09-18T14:46:22.763324+00:00,214,car,0.8592952489852905,51,575.4474487304688,312.964111328125,617.8545532226562,358.0020751953125
2026-09-18T14:47:16.292641+00:00,spot_2,Spot 2,Empty,2026-09-18T14:45:18.404551+00:00,,,,,,,,
2026-09-18T14:47:16.292641+00:00,spot_3,Spot 3,Occupied,2026-09-18T14:25:19.764755+00:00,205,car,0.7008886337280273,1373,447.36090087890625,324.21514892578125,503.18829345703125,368.361328125
2026-09-18T14:47:16.292641+00:00,spot_4,Spot 4,Occupied,2026-09-18T14:45:18.404551+00:00,213,car,0.8686575889587402,110,350.17364501953125,339.037353515625,431.16461181640625,388.927001953125
2026-09-18T14:47:16.292641+00:00,spot_5,Spot 5,Occupied,2026-09-18T14:25:19.764755+00:00,206,car,0.8198967576026917,1307,350.0412902832031,326.32659912109375,406.3338928222656,359.07952880859375
2026-09-18T14:47:16.292641+00:00,spot_6,Spot 6,Occupied,2026-09-18T13:29:15.996818+00:00,182,car,0.563309907913208,4682,284.21917724609375,320.7071533203125,353.193359375,368.12890625
2026-09-18T14:47:16.292641+00:00,spot_7,Spot 7,Occupied,2026-09-18T13:56:26.319863+00:00,192,car,0.7084742188453674,3047,255.24871826171875,318.65411376953125,305.64984130859375,358.1588134765625
2026-09-18T14:47:16.292641+00:00,spot_8,Spot 8,Occupied,2026-09-18T14:37:14.838335+00:00,207,car,0.6096435189247131,601,186.28216552734375,322.600830078125,251.306884765625,354.4283447265625
2026-09-18T14:47:16.292641+00:00,spot_9,Spot 9,Occupied,2026-09-18T14:44:17.635162+00:00,212,car,0.5965380668640137,176,146.16647338867188,313.11383056640625,220.50399780273438,353.35809326171875
2026-09-18T14:47:16.292641+00:00,spot_10,Spot 10,Empty,2026-09-18T14:44:17.635162+00:00,,,,,,,,
2026-09-18T14:47:16.292641+00:00,spot_11,Spot 11,Occupied,2026-09-18T13:29:15.996818+00:00,183,car,0.7685855031013489,4682,117.24859619140625,323.09881591796875,160.5001220703125,345.62847900390625
2026-09-18T14:47:16.292641+00:00,spot_12,Spot 12,Empty,2026-09-18T14:16:23.818572+00:00,,,,,,,,
2026-09-18T14:47:16.292641+00:00,spot_13,Spot 13,Empty,2026-09-18T00:56:19.559398+00:00,,,,,,,,
2026-09-18T14:47:16.292641+00:00,spot_14,Spot 14,Empty,2026-09-18T00:39:15.838015+00:00,,,,,,,,
2026-09-18T14:47:16.292641+00:00,spot_15,Spot 15,Empty,2026-09-18T14:09:19.751330+00:00,,,,,,,,
2026-09-18T14:47:16.292641+00:00,spot_16,Spot 16,Empty,2026-09-18T14:20:17.012809+00:00,,,,,,,,
2026-09-18T14:47:16.292641+00:00,spot_17,Spot 17,Empty,2026-09-17T18:54:59.211881+00:00,,,,,,,,
2026-09-18T14:48:26.564413+00:00,spot_1,Spot 1,Occupied,2026-09-18T14:46:22.763324+00:00,214,car,0.8218715786933899,124,575.6450805664062,313.1944580078125,617.4414672851562,357.85498046875
2026-09-18T14:48:26.564413+00:00,spot_2,Spot 2,Empty,2026-09-18T14:45:18.404551+00:00,,,,,,,,
2026-09-18T14:48:26.564413+00:00,spot_3,Spot 3,Occupied,2026-09-18T14:25:19.764755+00:00,205,car,0.7765110731124878,1447,447.2620544433594,318.49578857421875,503.4954528808594,367.94720458984375
2026-09-18T14:48:26.564413+00:00,spot_4,Spot 4,Occupied,2026-09-18T14:45:18.404551+00:00,213,car,0.8673759698867798,183,390.30328369140625,323.86956787109375,448.06463623046875,364.57122802734375
2026-09-18T14:48:26.564413+00:00,spot_5,Spot 5,Occupied,2026-09-18T14:25:19.764755+00:00,206,car,0.8483272790908813,1381,350.78521728515625,326.08428955078125,397.01177978515625,360.51641845703125
2026-09-18T14:48:26.564413+00:00,spot_6,Spot 6,Occupied,2026-09-18T13:29:15.996818+00:00,182,car,0.6750445365905762,4755,283.886962890625,320.86883544921875,352.7969970703125,368.031982421875
2026-09-18T14:48:26.564413+00:00,spot_7,Spot 7,Occupied,2026-09-18T13:56:26.319863+00:00,192,car,0.6775634288787842,3121,255.28976440429688,318.41131591796875,299.3226013183594,357.59564208984375
2026-09-18T14:48:26.564413+00:00,spot_8,Spot 8,Occupied,2026-09-18T14:37:14.838335+00:00,207,car,0.822845995426178,675,186.58668518066406,323.0977783203125,250.9348602294922,353.799560546875
2026-09-18T14:48:26.564413+00:00,spot_9,Spot 9,Empty,2026-09-18T14:48:26.564413+00:00,,,,,,,,
2026-09-18T14:48:26.564413+00:00,spot_10,Spot 10,Empty,2026-09-18T14:44:17.635162+00:00,,,,,,,,
2026-09-18T14:48:26.564413+00:00,spot_11,Spot 11,Occupied,2026-09-18T13:29:15.996818+00:00,183,car,0.6818088889122009,4755,117.86575317382812,322.8381652832031,160.54074096679688,345.4871520996094
2026-09-18T14:48:26.564413+00:00,spot_12,Spot 12,Empty,2026-09-18T14:16:23.818572+00:00,,,,,,,,
2026-09-18T14:48:26.564413+00:00,spot_13,Spot 13,Empty,2026-09-18T00:56:19.559398+00:00,,,,,,,,
2026-09-18T14:48:26.564413+00:00,spot_14,Spot 14,Empty,2026-09-18T00:39:15.838015+00:00,,,,,,,,
2026-09-18T14:48:26.564413+00:00,spot_15,Spot 15,Empty,2026-09-18T14:09:19.751330+00:00,,,,,,,,
2026-09-18T14:48:26.564413+00:00,spot_16,Spot 16,Empty,2026-09-18T14:20:17.012809+00:00,,,,,,,,
2026-09-18T14:48:26.564413+00:00,spot_17,Spot 17,Empty,2026-09-17T18:54:59.211881+00:00,,,,,,,,
2026-09-18T14:49:19.185992+00:00,spot_1,Spot 1,Occupied,2026-09-18T14:46:22.763324+00:00,214,car,0.8218715786933899,176,575.6450805664062,313.1944580078125,617.4414672851562,357.85498046875
2026-09-18T14:49:19.185992+00:00,spot_2,Spot 2,Empty,2026-09-18T14:45:18.404551+00:00,,,,,,,,
2026-09-18T14:49:19.185992+00:00,spot_3,Spot 3,Occupied,2026-09-18T14:25:19.764755+00:00,205,car,0.7765110731124878,1498,447.2620544433594,318.49578857421875,503.4954528808594,367.94720458984375
2026-09-18T14:49:19.185992+00:00,spot_4,Spot 4,Occupied,2026-09-18T14:45:18.404551+00:00,213,car,0.8673759698867798,234,390.30328369140625,323.86956787109375,448.06463623046875,364.57122802734375
2026-09-18T14:49:19.185992+00:00,spot_5,Spot 5,Occupied,2026-09-18T14:25:19.764755+00:00,206,car,0.8483272790908813,1432,350.78521728515625,326.08428955078125,397.01177978515625,360.51641845703125
2026-09-18T14:49:19.185992+00:00,spot_6,Spot 6,Occupied,2026-09-18T13:29:15.996818+00:00,182,car,0.6750445365905762,4806,283.886962890625,320.86883544921875,352.7969970703125,368.031982421875
2026-09-18T14:49:19.185992+00:00,spot_7,Spot 7,Occupied,2026-09-18T13:56:26.319863+00:00,192,car,0.6775634288787842,3172,255.28976440429688,318.41131591796875,299.3226013183594,357.59564208984375
2026-09-18T14:49:19.185992+00:00,spot_8,Spot 8,Occupied,2026-09-18T14:37:14.838335+00:00,207,car,0.822845995426178,726,186.58668518066406,323.0977783203125,250.9348602294922,353.799560546875
2026-09-18T14:49:19.185992+00:00,spot_9,Spot 9,Empty,2026-09-18T14:48:26.564413+00:00,,,,,,,,
2026-09-18T14:49:19.185992+00:00,spot_10,Spot 10,Empty,2026-09-18T14:44:17.635162+00:00,,,,,,,,
2026-09-18T14:49:19.185992+00:00,spot_11,Spot 11,Occupied,2026-09-18T13:29:15.996818+00:00,183,car,0.6818088889122009,4806,117.86575317382812,322.8381652832031,160.54074096679688,345.4871520996094
2026-09-18T14:49:19.185992+00:00,spot_12,Spot 12,Empty,2026-09-18T14:16:23.818572+00:00,,,,,,,,
2026-09-18T14:49:19.185992+00:00,spot_13,Spot 13,Empty,2026-09-18T00:56:19.559398+00:00,,,,,,,,
2026-09-18T14:49:19.185992+00:00,spot_14,Spot 14,Empty,2026-09-18T00:39:15.838015+00:00,,,,,,,,
2026-09-18T14:49:19.185992+00:00,spot_15,Spot 15,Empty,2026-09-18T14:09:19.751330+00:00,,,,,,,,
2026-09-18T14:49:19.185992+00:00,spot_16,Spot 16,Empty,2026-09-18T14:20:17.012809+00:00,,,,,,,,
2026-09-18T14:49:19.185992+00:00,spot_17,Spot 17,Empty,2026-09-17T18:54:59.211881+00:00,,,,,,,,
2026-09-18T14:50:24.799919+00:00,spot_1,Spot 1,Occupied,2026-09-18T14:46:22.763324+00:00,214,car,0.8195487856864929,253,575.67919921875,313.0616149902344,614.5494384765625,358.6447448730469
2026-09-18T14:50:24.799919+00:00,spot_2,Spot 2,Empty,2026-09-18T14:45:18.404551+00:00,,,,,,,,
2026-09-18T14:50:24.799919+00:00,spot_3,Spot 3,Occupied,2026-09-18T14:25:19.764755+00:00,205,car,0.8050284385681152,1575,447.04083251953125,320.1304016113281,503.24078369140625,368.3381652832031
2026-09-18T14:50:24.799919+00:00,spot_4,Spot 4,Occupied,2026-09-18T14:45:18.404551+00:00,213,car,0.8867653012275696,312,390.29351806640625,324.2293701171875,448.58880615234375,363.98876953125
2026-09-18T14:50:24.799919+00:00,spot_5,Spot 5,Occupied,2026-09-18T14:25:19.764755+00:00,206,car,0.855686604976654,1510,351.0570983886719,326.1640625,393.1027526855469,360.6226806640625
2026-09-18T14:50:24.799919+00:00,spot_6,Spot 6,Occupied,2026-09-18T13:29:15.996818+00:00,182,car,0.7917727828025818,4884,283.83428955078125,320.8417053222656,353.04046630859375,368.2725524902344
2026-09-18T14:50:24.799919+00:00,spot_7,Spot 7,Occupied,2026-09-18T13:56:26.319863+00:00,192,car,0.7889899015426636,3250,254.97650146484375,318.45587158203125,303.3350830078125,358.23956298828125
2026-09-18T14:50:24.799919+00:00,spot_8,Spot 8,Occupied,2026-09-18T14:37:14.838335+00:00,207,car,0.7489356994628906,804,186.27276611328125,324.2828063964844,250.67495727539062,353.8702087402344
2026-09-18T14:50:24.799919+00:00,spot_9,Spot 9,Occupied,2026-09-18T14:50:24.799919+00:00,215,car,0.6323484182357788,0,144.6614990234375,313.6020812988281,224.218994140625,353.0431213378906
2026-09-18T14:50:24.799919+00:00,spot_10,Spot 10,Empty,2026-09-18T14:44:17.635162+00:00,,,,,,,,
2026-09-18T14:50:24.799919+00:00,spot_11,Spot 11,Occupied,2026-09-18T13:29:15.996818+00:00,183,car,0.7969892024993896,4884,117.50187683105469,322.7545166015625,160.1995086669922,345.2413330078125
2026-09-18T14:50:24.799919+00:00,spot_12,Spot 12,Occupied,2026-09-18T14:50:24.799919+00:00,216,car,0.43607813119888306,0,95.06062316894531,319.4349365234375,125.18246459960938,343.3131103515625
2026-09-18T14:50:24.799919+00:00,spot_13,Spot 13,Empty,2026-09-18T00:56:19.559398+00:00,,,,,,,,
2026-09-18T14:50:24.799919+00:00,spot_14,Spot 14,Empty,2026-09-18T00:39:15.838015+00:00,,,,,,,,
2026-09-18T14:50:24.799919+00:00,spot_15,Spot 15,Empty,2026-09-18T14:09:19.751330+00:00,,,,,,,,
2026-09-18T14:50:24.799919+00:00,spot_16,Spot 16,Empty,2026-09-18T14:20:17.012809+00:00,,,,,,,,
2026-09-18T14:50:24.799919+00:00,spot_17,Spot 17,Empty,2026-09-17T18:54:59.211881+00:00,,,,,,,,
2026-09-18T14:51:28.667845+00:00,spot_1,Spot 1,Occupied,2026-09-18T14:46:22.763324+00:00,214,car,0.8344327807426453,303,575.5074462890625,313.01300048828125,614.54931640625,358.10369873046875
2026-09-18T14:51:28.667845+00:00,spot_2,Spot 2,Empty,2026-09-18T14:45:18.404551+00:00,,,,,,,,
2026-09-18T14:51:28.667845+00:00,spot_3,Spot 3,Occupied,2026-09-18T14:25:19.764755+00:00,205,car,0.5305783152580261,1625,447.03521728515625,317.68426513671875,503.03887939453125,367.95379638671875
2026-09-18T14:51:28.667845+00:00,spot_4,Spot 4,Occupied,2026-09-18T14:45:18.404551+00:00,213,car,0.8916682600975037,362,390.27020263671875,324.16729736328125,448.53900146484375,363.97772216796875
2026-09-18T14:51:28.667845+00:00,spot_5,Spot 5,Occupied,2026-09-18T14:25:19.764755+00:00,206,car,0.840980052947998,1559,350.985107421875,326.2412109375,399.9783935546875,360.8831787109375
2026-09-18T14:51:28.667845+00:00,spot_6,Spot 6,Occupied,2026-09-18T13:29:15.996818+00:00,182,car,0.790393054485321,4934,283.7158203125,320.96868896484375,352.50927734375,368.44464111328125
2026-09-18T14:51:28.667845+00:00,spot_7,Spot 7,Occupied,2026-09-18T13:56:26.319863+00:00,192,car,0.7642645239830017,3300,255.16546630859375,317.747802734375,303.4630126953125,357.5272216796875
2026-09-18T14:51:28.667845+00:00,spot_8,Spot 8,Occupied,2026-09-18T14:37:14.838335+00:00,207,car,0.8169048428535461,854,186.03213500976562,323.59075927734375,250.260498046875,353.47735595703125
2026-09-18T14:51:28.667845+00:00,spot_9,Spot 9,Occupied,2026-09-18T14:50:24.799919+00:00,215,car,0.6817600727081299,49,144.2772216796875,313.6397399902344,223.13763427734375,353.5939025878906
2026-09-18T14:51:28.667845+00:00,spot_10,Spot 10,Empty,2026-09-18T14:44:17.635162+00:00,,,,,,,,
2026-09-18T14:51:28.667845+00:00,spot_11,Spot 11,Occupied,2026-09-18T13:29:15.996818+00:00,183,car,0.7900137901306152,4934,117.36188507080078,322.07159423828125,159.86724853515625,345.3653564453125
2026-09-18T14:51:28.667845+00:00,spot_12,Spot 12,Occupied,2026-09-18T14:50:24.799919+00:00,216,car,0.6266250610351562,49,94.74758911132812,319.0673522949219,129.08705139160156,343.5721740722656
2026-09-18T14:51:28.667845+00:00,spot_13,Spot 13,Empty,2026-09-18T00:56:19.559398+00:00,,,,,,,,
2026-09-18T14:51:28.667845+00:00,spot_14,Spot 14,Empty,2026-09-18T00:39:15.838015+00:00,,,,,,,,
2026-09-18T14:51:28.667845+00:00,spot_15,Spot 15,Empty,2026-09-18T14:09:19.751330+00:00,,,,,,,,
2026-09-18T14:51:28.667845+00:00,spot_16,Spot 16,Empty,2026-09-18T14:20:17.012809+00:00,,,,,,,,
2026-09-18T14:51:28.667845+00:00,spot_17,Spot 17,Empty,2026-09-17T18:54:59.211881+00:00,,,,,,,,
2026-09-18T14:52:15.241552+00:00,spot_1,Spot 1,Occupied,2026-09-18T14:46:22.763324+00:00,214,car,0.8344327807426453,352,575.5074462890625,313.01300048828125,614.54931640625,358.10369873046875
2026-09-18T14:52:15.241552+00:00,spot_2,Spot 2,Empty,2026-09-18T14:45:18.404551+00:00,,,,,,,,
2026-09-18T14:52:15.241552+00:00,spot_3,Spot 3,Occupied,2026-09-18T14:25:19.764755+00:00,205,car,0.5305783152580261,1675,447.03521728515625,317.68426513671875,503.03887939453125,367.95379638671875
2026-09-18T14:52:15.241552+00:00,spot_4,Spot 4,Occupied,2026-09-18T14:45:18.404551+00:00,213,car,0.8916682600975037,411,390.27020263671875,324.16729736328125,448.53900146484375,363.97772216796875
2026-09-18T14:52:15.241552+00:00,spot_5,Spot 5,Occupied,2026-09-18T14:25:19.764755+00:00,206,car,0.840980052947998,1609,350.985107421875,326.2412109375,399.9783935546875,360.8831787109375
2026-09-18T14:52:15.241552+00:00,spot_6,Spot 6,Occupied,2026-09-18T13:29:15.996818+00:00,182,car,0.790393054485321,4983,283.7158203125,320.96868896484375,352.50927734375,368.44464111328125
2026-09-18T14:52:15.241552+00:00,spot_7,Spot 7,Occupied,2026-09-18T13:56:26.319863+00:00,192,car,0.7642645239830017,3349,255.16546630859375,317.747802734375,303.4630126953125,357.5272216796875
2026-09-18T14:52:15.241552+00:00,spot_8,Spot 8,Occupied,2026-09-18T14:37:14.838335+00:00,207,car,0.8169048428535461,903,186.03213500976562,323.59075927734375,250.260498046875,353.47735595703125
2026-09-18T14:52:15.241552+00:00,spot_9,Spot 9,Occupied,2026-09-18T14:50:24.799919+00:00,215,car,0.6817600727081299,99,144.2772216796875,313.6397399902344,223.13763427734375,353.5939025878906
2026-09-18T14:52:15.241552+00:00,spot_10,Spot 10,Empty,2026-09-18T14:44:17.635162+00:00,,,,,,,,
2026-09-18T14:52:15.241552+00:00,spot_11,Spot 11,Occupied,2026-09-18T13:29:15.996818+00:00,183,car,0.7900137901306152,4983,117.36188507080078,322.07159423828125,159.86724853515625,345.3653564453125
2026-09-18T14:52:15.241552+00:00,spot_12,Spot 12,Occupied,2026-09-18T14:50:24.799919+00:00,216,car,0.6266250610351562,99,94.74758911132812,319.0673522949219,129.08705139160156,343.5721740722656
2026-09-18T14:52:15.241552+00:00,spot_13,Spot 13,Empty,2026-09-18T00:56:19.559398+00:00,,,,,,,,
2026-09-18T14:52:15.241552+00:00,spot_14,Spot 14,Empty,2026-09-18T00:39:15.838015+00:00,,,,,,,,
2026-09-18T14:52:15.241552+00:00,spot_15,Spot 15,Empty,2026-09-18T14:09:19.751330+00:00,,,,,,,,
2026-09-18T14:52:15.241552+00:00,spot_16,Spot 16,Empty,2026-09-18T14:20:17.012809+00:00,,,,,,,,
2026-09-18T14:52:15.241552+00:00,spot_17,Spot 17,Empty,2026-09-17T18:54:59.211881+00:00,,,,,,,,
2026-09-18T14:53:16.061317+00:00,spot_1,Spot 1,Occupied,2026-09-18T14:46:22.763324+00:00,214,car,0.8057569861412048,410,575.1800537109375,313.08953857421875,614.4595947265625,358.42120361328125
2026-09-18T14:53:16.061317+00:00,spot_2,Spot 2,Empty,2026-09-18T14:45:18.404551+00:00,,,,,,,,
2026-09-18T14:53:16.061317+00:00,spot_3,Spot 3,Occupied,2026-09-18T14:25:19.764755+00:00,205,car,0.7136363387107849,1732,447.75408935546875,319.6665344238281,496.2261962890625,368.3815002441406
2026-09-18T14:53:16.061317+00:00,spot_4,Spot 4,Occupied,2026-09-18T14:45:18.404551+00:00,213,car,0.8899446725845337,469,390.3681335449219,324.6854248046875,448.5797424316406,364.42431640625
2026-09-18T14:53:16.061317+00:00,spot_5,Spot 5,Occupied,2026-09-18T14:25:19.764755+00:00,206,car,0.8553555607795715,1666,351.22979736328125,325.74267578125,395.18121337890625,360.528564453125
2026-09-18T14:53:16.061317+00:00,spot_6,Spot 6,Occupied,2026-09-18T13:29:15.996818+00:00,182,car,0.8366061449050903,5041,283.98785400390625,320.82366943359375,352.64306640625,368.42071533203125
2026-09-18T14:53:16.061317+00:00,spot_7,Spot 7,Occupied,2026-09-18T13:56:26.319863+00:00,192,car,0.795981228351593,3407,254.919677734375,317.84991455078125,300.1129150390625,357.31549072265625
2026-09-18T14:53:16.061317+00:00,spot_8,Spot 8,Empty,2026-09-18T14:53:16.061317+00:00,,,,,,,,
2026-09-18T14:53:16.061317+00:00,spot_9,Spot 9,Occupied,2026-09-18T14:50:24.799919+00:00,215,car,0.5551573038101196,156,144.46054077148438,313.07562255859375,224.40261840820312,353.52777099609375
2026-09-18T14:53:16.061317+00:00,spot_10,Spot 10,Empty,2026-09-18T14:44:17.635162+00:00,,,,,,,,
2026-09-18T14:53:16.061317+00:00,spot_11,Spot 11,Occupied,2026-09-18T13:29:15.996818+00:00,183,car,0.7452356815338135,5041,117.16452026367188,322.5362548828125,160.13397216796875,345.538330078125
2026-09-18T14:53:16.061317+00:00,spot_12,Spot 12,Occupied,2026-09-18T14:50:24.799919+00:00,216,car,0.5002467632293701,156,94.96865844726562,318.87518310546875,125.98828125,342.82281494140625
2026-09-18T14:53:16.061317+00:00,spot_13,Spot 13,Empty,2026-09-18T00:56:19.559398+00:00,,,,,,,,
2026-09-18T14:53:16.061317+00:00,spot_14,Spot 14,Empty,2026-09-18T00:39:15.838015+00:00,,,,,,,,
2026-09-18T14:53:16.061317+00:00,spot_15,Spot 15,Empty,2026-09-18T14:09:19.751330+00:00,,,,,,,,
2026-09-18T14:53:16.061317+00:00,spot_16,Spot 16,Empty,2026-09-18T14:20:17.012809+00:00,,,,,,,,
2026-09-18T14:53:16.061317+00:00,spot_17,Spot 17,Empty,2026-09-17T18:54:59.211881+00:00,,,,,,,,
2026-09-18T14:54:15.387482+00:00,spot_1,Spot 1,Occupied,2026-09-18T14:46:22.763324+00:00,214,car,0.8087220788002014,473,575.25634765625,313.13360595703125,615.048583984375,358.08160400390625
2026-09-18T14:54:15.387482+00:00,spot_2,Spot 2,Empty,2026-09-18T14:45:18.404551+00:00,,,,,,,,
2026-09-18T14:54:15.387482+00:00,spot_3,Spot 3,Occupied,2026-09-18T14:25:19.764755+00:00,205,car,0.709501326084137,1795,447.05596923828125,323.28656005859375,500.38470458984375,367.48089599609375
2026-09-18T14:54:15.387482+00:00,spot_4,Spot 4,Occupied,2026-09-18T14:45:18.404551+00:00,213,car,0.8721422553062439,532,390.430908203125,323.86212158203125,448.6419677734375,364.81585693359375
2026-09-18T14:54:15.387482+00:00,spot_5,Spot 5,Occupied,2026-09-18T14:25:19.764755+00:00,206,car,0.8043181300163269,1729,351.1039123535156,325.73260498046875,395.9090270996094,360.42144775390625
2026-09-18T14:54:15.387482+00:00,spot_6,Spot 6,Occupied,2026-09-18T13:29:15.996818+00:00,182,truck,0.4647670388221741,5103,283.9140625,320.69635009765625,353.395751953125,368.27923583984375
2026-09-18T14:54:15.387482+00:00,spot_7,Spot 7,Occupied,2026-09-18T13:56:26.319863+00:00,192,car,0.7906809449195862,3469,255.16845703125,318.75103759765625,304.56573486328125,357.90838623046875
2026-09-18T14:54:15.387482+00:00,spot_8,Spot 8,Empty,2026-09-18T14:53:16.061317+00:00,,,,,,,,
2026-09-18T14:54:15.387482+00:00,spot_9,Spot 9,Occupied,2026-09-18T14:50:24.799919+00:00,215,truck,0.6090875864028931,219,144.59872436523438,312.8419189453125,224.76657104492188,353.5216064453125
2026-09-18T14:54:15.387482+00:00,spot_10,Spot 10,Empty,2026-09-18T14:44:17.635162+00:00,,,,,,,,
2026-09-18T14:54:15.387482+00:00,spot_11,Spot 11,Occupied,2026-09-18T13:29:15.996818+00:00,183,car,0.6469511389732361,5103,118.19847106933594,321.7891540527344,160.07994079589844,345.6707458496094
2026-09-18T14:54:15.387482+00:00,spot_12,Spot 12,Occupied,2026-09-18T14:50:24.799919+00:00,216,car,0.4430506229400635,219,95.20565795898438,319.07989501953125,125.13427734375,342.76116943359375
2026-09-18T14:54:15.387482+00:00,spot_13,Spot 13,Empty,2026-09-18T00:56:19.559398+00:00,,,,,,,,
2026-09-18T14:54:15.387482+00:00,spot_14,Spot 14,Empty,2026-09-18T00:39:15.838015+00:00,,,,,,,,
2026-09-18T14:54:15.387482+00:00,spot_15,Spot 15,Empty,2026-09-18T14:09:19.751330+00:00,,,,,,,,
2026-09-18T14:54:15.387482+00:00,spot_16,Spot 16,Empty,2026-09-18T14:20:17.012809+00:00,,,,,,,,
2026-09-18T14:54:15.387482+00:00,spot_17,Spot 17,Empty,2026-09-17T18:54:59.211881+00:00,,,,,,,,
2026-09-18T14:55:17.682578+00:00,spot_1,Spot 1,Occupied,2026-09-18T14:46:22.763324+00:00,214,car,0.819849967956543,539,575.4610595703125,313.51611328125,615.0489501953125,357.737548828125
2026-09-18T14:55:17.682578+00:00,spot_2,Spot 2,Empty,2026-09-18T14:45:18.404551+00:00,,,,,,,,
2026-09-18T14:55:17.682578+00:00,spot_3,Spot 3,Occupied,2026-09-18T14:25:19.764755+00:00,205,car,0.6831534504890442,1861,447.05902099609375,325.94482421875,498.16815185546875,368.034912109375
2026-09-18T14:55:17.682578+00:00,spot_4,Spot 4,Occupied,2026-09-18T14:45:18.404551+00:00,213,car,0.8880198001861572,598,390.2109680175781,322.67138671875,448.3606262207031,362.98309326171875
2026-09-18T14:55:17.682578+00:00,spot_5,Spot 5,Occupied,2026-09-18T14:25:19.764755+00:00,206,car,0.8687967658042908,1795,350.90142822265625,325.2339782714844,396.02838134765625,360.8210144042969
2026-09-18T14:55:17.682578+00:00,spot_6,Spot 6,Occupied,2026-09-18T13:29:15.996818+00:00,182,car,0.7735317945480347,5170,284.092041015625,320.74920654296875,353.96337890625,368.1929931640625
2026-09-18T14:55:17.682578+00:00,spot_7,Spot 7,Occupied,2026-09-18T13:56:26.319863+00:00,192,car,0.7986587285995483,3536,255.11117553710938,317.1244201660156,304.4305725097656,357.5622253417969
2026-09-18T14:55:17.682578+00:00,spot_8,Spot 8,Occupied,2026-09-18T14:55:17.682578+00:00,217,car,0.48189741373062134,0,196.67156982421875,327.66632080078125,255.68798828125,353.18927001953125
2026-09-18T14:55:17.682578+00:00,spot_9,Spot 9,Occupied,2026-09-18T14:50:24.799919+00:00,215,car,0.4744380712509155,285,146.45880126953125,318.0425338745117,220.60853576660156,353.8675079345703
2026-09-18T14:55:17.682578+00:00,spot_10,Spot 10,Empty,2026-09-18T14:44:17.635162+00:00,,,,,,,,
2026-09-18T14:55:17.682578+00:00,spot_11,Spot 11,Occupied,2026-09-18T13:29:15.996818+00:00,183,car,0.6680456399917603,5170,125.5771484375,323.62264251708984,159.73257446289062,344.7758026123047
2026-09-18T14:55:17.682578+00:00,spot_12,Spot 12,Occupied,2026-09-18T14:50:24.799919+00:00,216,car,0.6401305198669434,285,94.48692321777344,318.9431457519531,127.62217712402344,342.7123107910156
2026-09-18T14:55:17.682578+00:00,spot_13,Spot 13,Empty,2026-09-18T00:56:19.559398+00:00,,,,,,,,
2026-09-18T14:55:17.682578+00:00,spot_14,Spot 14,Empty,2026-09-18T00:39:15.838015+00:00,,,,,,,,
2026-09-18T14:55:17.682578+00:00,spot_15,Spot 15,Empty,2026-09-18T14:09:19.751330+00:00,,,,,,,,
2026-09-18T14:55:17.682578+00:00,spot_16,Spot 16,Empty,2026-09-18T14:20:17.012809+00:00,,,,,,,,
2026-09-18T14:55:17.682578+00:00,spot_17,Spot 17,Empty,2026-09-17T18:54:59.211881+00:00,,,,,,,,
2026-09-18T14:56:25.417550+00:00,spot_1,Spot 1,Occupied,2026-09-18T14:46:22.763324+00:00,214,car,0.8545783162117004,602,575.4776611328125,313.58087158203125,616.0316162109375,358.32244873046875
2026-09-18T14:56:25.417550+00:00,spot_2,Spot 2,Empty,2026-09-18T14:45:18.404551+00:00,,,,,,,,
2026-09-18T14:56:25.417550+00:00,spot_3,Spot 3,Occupied,2026-09-18T14:25:19.764755+00:00,205,car,0.7763362526893616,1925,447.1301574707031,318.1578674316406,502.0238342285156,367.7843322753906
2026-09-18T14:56:25.417550+00:00,spot_4,Spot 4,Occupied,2026-09-18T14:45:18.404551+00:00,213,car,0.8956658840179443,661,390.302490234375,324.1983642578125,448.40960693359375,363.7196044921875
2026-09-18T14:56:25.417550+00:00,spot_5,Spot 5,Occupied,2026-09-18T14:25:19.764755+00:00,206,car,0.8539255261421204,1859,350.9377136230469,325.72186279296875,394.9892883300781,360.56182861328125
2026-09-18T14:56:25.417550+00:00,spot_6,Spot 6,Occupied,2026-09-18T13:29:15.996818+00:00,182,car,0.7649489045143127,5233,283.7264404296875,320.9286193847656,354.1500244140625,368.2141418457031
2026-09-18T14:56:25.417550+00:00,spot_7,Spot 7,Occupied,2026-09-18T13:56:26.319863+00:00,192,car,0.5126623511314392,3599,254.8682403564453,321.4239501953125,301.19476318359375,357.627685546875
2026-09-18T14:56:25.417550+00:00,spot_8,Spot 8,Occupied,2026-09-18T14:55:17.682578+00:00,217,car,0.6279860138893127,63,198.60528564453125,327.5194091796875,254.67184448242188,354.1402587890625
2026-09-18T14:56:25.417550+00:00,spot_9,Spot 9,Occupied,2026-09-18T14:50:24.799919+00:00,215,car,0.5790629386901855,349,145.96212768554688,313.74908447265625,224.23666381835938,353.45037841796875
2026-09-18T14:56:25.417550+00:00,spot_10,Spot 10,Empty,2026-09-18T14:44:17.635162+00:00,,,,,,,,
2026-09-18T14:56:25.417550+00:00,spot_11,Spot 11,Occupied,2026-09-18T13:29:15.996818+00:00,183,car,0.5505771636962891,5233,122.35552978515625,324.2364501953125,157.84097290039062,345.509521484375
2026-09-18T14:56:25.417550+00:00,spot_12,Spot 12,Occupied,2026-09-18T14:50:24.799919+00:00,216,car,0.609574556350708,349,94.1092529296875,319.35882568359375,127.17514038085938,343.31158447265625
2026-09-18T14:56:25.417550+00:00,spot_13,Spot 13,Empty,2026-09-18T00:56:19.559398+00:00,,,,,,,,
2026-09-18T14:56:25.417550+00:00,spot_14,Spot 14,Empty,2026-09-18T00:39:15.838015+00:00,,,,,,,,
2026-09-18T14:56:25.417550+00:00,spot_15,Spot 15,Empty,2026-09-18T14:09:19.751330+00:00,,,,,,,,
2026-09-18T14:56:25.417550+00:00,spot_16,Spot 16,Empty,2026-09-18T14:20:17.012809+00:00,,,,,,,,
2026-09-18T14:56:25.417550+00:00,spot_17,Spot 17,Empty,2026-09-17T18:54:59.211881+00:00,,,,,,,,
2026-09-18T14:57:14.408864+00:00,spot_1,Spot 1,Occupied,2026-09-18T14:46:22.763324+00:00,214,car,0.8659786581993103,648,575.38330078125,313.43658447265625,614.46337890625,358.91949462890625
2026-09-18T14:57:14.408864+00:00,spot_2,Spot 2,Empty,2026-09-18T14:45:18.404551+00:00,,,,,,,,
2026-09-18T14:57:14.408864+00:00,spot_3,Spot 3,Occupied,2026-09-18T14:25:19.764755+00:00,205,car,0.7554737329483032,1970,447.0749206542969,326.1942138671875,490.6758117675781,367.15728759765625
2026-09-18T14:57:14.408864+00:00,spot_4,Spot 4,Occupied,2026-09-18T14:45:18.404551+00:00,213,car,0.8737699389457703,707,390.61041259765625,324.18701171875,448.92547607421875,363.9573974609375
2026-09-18T14:57:14.408864+00:00,spot_5,Spot 5,Occupied,2026-09-18T14:25:19.764755+00:00,206,car,0.8634938597679138,1905,351.01959228515625,325.648681640625,395.33514404296875,360.7384033203125
2026-09-18T14:57:14.408864+00:00,spot_6,Spot 6,Occupied,2026-09-18T13:29:15.996818+00:00,182,car,0.7871032357215881,5279,283.7139892578125,320.8658752441406,352.6090087890625,368.4896545410156
2026-09-18T14:57:14.408864+00:00,spot_7,Spot 7,Occupied,2026-09-18T13:56:26.319863+00:00,192,car,0.5857039093971252,3645,255.048583984375,317.8182373046875,302.076904296875,357.5179443359375
2026-09-18T14:57:14.408864+00:00,spot_8,Spot 8,Empty,2026-09-18T14:57:14.408864+00:00,,,,,,,,
2026-09-18T14:57:14.408864+00:00,spot_9,Spot 9,Occupied,2026-09-18T14:50:24.799919+00:00,215,truck,0.567172646522522,395,144.964599609375,314.0849914550781,225.3074951171875,353.9057922363281
2026-09-18T14:57:14.408864+00:00,spot_10,Spot 10,Empty,2026-09-18T14:44:17.635162+00:00,,,,,,,,
2026-09-18T14:57:14.408864+00:00,spot_11,Spot 11,Occupied,2026-09-18T13:29:15.996818+00:00,183,car,0.7478043437004089,5279,117.1608657836914,322.6905517578125,160.31082153320312,345.1396484375
2026-09-18T14:57:14.408864+00:00,spot_12,Spot 12,Occupied,2026-09-18T14:50:24.799919+00:00,216,car,0.45093876123428345,395,92.32389831542969,318.6695861816406,134.8247528076172,342.9361877441406
2026-09-18T14:57:14.408864+00:00,spot_13,Spot 13,Empty,2026-09-18T00:56:19.559398+00:00,,,,,,,,
2026-09-18T14:57:14.408864+00:00,spot_14,Spot 14,Empty,2026-09-18T00:39:15.838015+00:00,,,,,,,,
2026-09-18T14:57:14.408864+00:00,spot_15,Spot 15,Empty,2026-09-18T14:09:19.751330+00:00,,,,,,,,
2026-09-18T14:57:14.408864+00:00,spot_16,Spot 16,Empty,2026-09-18T14:20:17.012809+00:00,,,,,,,,
2026-09-18T14:57:14.408864+00:00,spot_17,Spot 17,Empty,2026-09-17T18:54:59.211881+00:00,,,,,,,,
2026-09-18T14:58:15.839208+00:00,spot_1,Spot 1,Empty,2026-09-18T14:58:15.839208+00:00,,,,,,,,
2026-09-18T14:58:15.839208+00:00,spot_2,Spot 2,Empty,2026-09-18T14:45:18.404551+00:00,,,,,,,,
2026-09-18T14:58:15.839208+00:00,spot_3,Spot 3,Occupied,2026-09-18T14:25:19.764755+00:00,205,car,0.7654792070388794,2036,447.27301025390625,318.0158996582031,502.4071044921875,368.4784851074219
2026-09-18T14:58:15.839208+00:00,spot_4,Spot 4,Occupied,2026-09-18T14:45:18.404551+00:00,213,car,0.870307981967926,772,390.3336181640625,324.6726989746094,448.53680419921875,363.7778015136719
2026-09-18T14:58:15.839208+00:00,spot_5,Spot 5,Occupied,2026-09-18T14:25:19.764755+00:00,206,car,0.8394604921340942,1970,350.7244873046875,325.27093505859375,396.4326171875,360.64752197265625
2026-09-18T14:58:15.839208+00:00,spot_6,Spot 6,Occupied,2026-09-18T13:29:15.996818+00:00,182,car,0.6845334768295288,5344,283.7201232910156,320.8733215332031,355.5514221191406,368.3558654785156
2026-09-18T14:58:15.839208+00:00,spot_7,Spot 7,Occupied,2026-09-18T13:56:26.319863+00:00,192,car,0.7424893975257874,3710,254.48731994628906,317.8328857421875,304.025634765625,358.25384521484375
2026-09-18T14:58:15.839208+00:00,spot_8,Spot 8,Occupied,2026-09-18T14:58:15.839208+00:00,218,car,0.5504463911056519,0,196.30917358398438,328.1834716796875,254.13400268554688,353.75238037109375
2026-09-18T14:58:15.839208+00:00,spot_9,Spot 9,Occupied,2026-09-18T14:50:24.799919+00:00,215,car,0.47552919387817383,460,144.99246215820312,313.739013671875,225.71298217773438,353.55767822265625
2026-09-18T14:58:15.839208+00:00,spot_10,Spot 10,Empty,2026-09-18T14:44:17.635162+00:00,,,,,,,,
2026-09-18T14:58:15.839208+00:00,spot_11,Spot 11,Occupied,2026-09-18T13:29:15.996818+00:00,183,car,0.6768913269042969,5344,117.3153076171875,322.61322021484375,160.14044189453125,345.44610595703125
2026-09-18T14:58:15.839208+00:00,spot_12,Spot 12,Occupied,2026-09-18T14:50:24.799919+00:00,216,car,0.5843455195426941,460,92.51577758789062,319.34918212890625,131.71707153320312,343.07489013671875
2026-09-18T14:58:15.839208+00:00,spot_13,Spot 13,Empty,2026-09-18T00:56:19.559398+00:00,,,,,,,,
2026-09-18T14:58:15.839208+00:00,spot_14,Spot 14,Empty,2026-09-18T00:39:15.838015+00:00,,,,,,,,
2026-09-18T14:58:15.839208+00:00,spot_15,Spot 15,Empty,2026-09-18T14:09:19.751330+00:00,,,,,,,,
2026-09-18T14:58:15.839208+00:00,spot_16,Spot 16,Empty,2026-09-18T14:20:17.012809+00:00,,,,,,,,
2026-09-18T14:58:15.839208+00:00,spot_17,Spot 17,Empty,2026-09-17T18:54:59.211881+00:00,,,,,,,,
2026-09-18T14:59:19.059764+00:00,spot_1,Spot 1,Occupied,2026-09-18T14:59:19.059764+00:00,219,car,0.474982887506485,0,575.4602661132812,312.2860107421875,625.8579711914062,360.91107177734375
2026-09-18T14:59:19.059764+00:00,spot_2,Spot 2,Empty,2026-09-18T14:45:18.404551+00:00,,,,,,,,
2026-09-18T14:59:19.059764+00:00,spot_3,Spot 3,Occupied,2026-09-18T14:25:19.764755+00:00,205,car,0.7282916903495789,2097,446.9281005859375,317.0269775390625,503.001953125,368.17529296875
2026-09-18T14:59:19.059764+00:00,spot_4,Spot 4,Occupied,2026-09-18T14:45:18.404551+00:00,213,car,0.8889421224594116,833,390.1837158203125,323.405029296875,448.705322265625,364.8216552734375
2026-09-18T14:59:19.059764+00:00,spot_5,Spot 5,Occupied,2026-09-18T14:25:19.764755+00:00,206,car,0.8507975935935974,2031,350.76300048828125,325.8644714355469,395.61566162109375,361.0707702636719
2026-09-18T14:59:19.059764+00:00,spot_6,Spot 6,Occupied,2026-09-18T13:29:15.996818+00:00,182,car,0.5642089247703552,5405,284.0592956542969,321.0303039550781,353.4544372558594,368.5315856933594
2026-09-18T14:59:19.059764+00:00,spot_7,Spot 7,Occupied,2026-09-18T13:56:26.319863+00:00,192,car,0.6343016028404236,3771,254.982177734375,317.3656005859375,301.6634521484375,358.0404052734375
2026-09-18T14:59:19.059764+00:00,spot_8,Spot 8,Occupied,2026-09-18T14:58:15.839208+00:00,218,car,0.7905280590057373,61,198.73699951171875,327.54443359375,254.76409912109375,352.7916259765625
2026-09-18T14:59:19.059764+00:00,spot_9,Spot 9,Occupied,2026-09-18T14:50:24.799919+00:00,215,car,0.629156231880188,521,144.75927734375,313.95648193359375,224.0574951171875,353.86846923828125
2026-09-18T14:59:19.059764+00:00,spot_10,Spot 10,Empty,2026-09-18T14:44:17.635162+00:00,,,,,,,,
2026-09-18T14:59:19.059764+00:00,spot_11,Spot 11,Occupied,2026-09-18T13:29:15.996818+00:00,183,car,0.6371344327926636,5405,117.20877075195312,322.6805419921875,159.2838134765625,344.895263671875
2026-09-18T14:59:19.059764+00:00,spot_12,Spot 12,Occupied,2026-09-18T14:50:24.799919+00:00,216,car,0.4537392556667328,521,92.775390625,318.9144287109375,128.11923217773438,342.877685546875
2026-09-18T14:59:19.059764+00:00,spot_13,Spot 13,Empty,2026-09-18T00:56:19.559398+00:00,,,,,,,,
2026-09-18T14:59:19.059764+00:00,spot_14,Spot 14,Occupied,2026-09-18T14:59:19.059764+00:00,220,car,0.4419008791446686,0,46.66710662841797,317.91719818115234,80.9135513305664,335.87943267822266
2026-09-18T14:59:19.059764+00:00,spot_15,Spot 15,Empty,2026-09-18T14:09:19.751330+00:00,,,,,,,,
2026-09-18T14:59:19.059764+00:00,spot_16,Spot 16,Empty,2026-09-18T14:20:17.012809+00:00,,,,,,,,
2026-09-18T14:59:19.059764+00:00,spot_17,Spot 17,Empty,2026-09-17T18:54:59.211881+00:00,,,,,,,,
2026-09-18T15:00:32.604410+00:00,spot_1,Spot 1,Occupied,2026-09-18T14:59:19.059764+00:00,219,bus,0.7260507345199585,83,575.6500244140625,312.3661804199219,614.0093994140625,358.4868469238281
2026-09-18T15:00:32.604410+00:00,spot_2,Spot 2,Empty,2026-09-18T14:45:18.404551+00:00,,,,,,,,
2026-09-18T15:00:32.604410+00:00,spot_3,Spot 3,Occupied,2026-09-18T14:25:19.764755+00:00,205,car,0.7533575296401978,2180,446.7945556640625,324.7744140625,502.240478515625,368.50927734375
2026-09-18T15:00:32.604410+00:00,spot_4,Spot 4,Occupied,2026-09-18T14:45:18.404551+00:00,213,car,0.8419013023376465,917,390.13519287109375,324.42498779296875,449.20599365234375,364.33477783203125
2026-09-18T15:00:32.604410+00:00,spot_5,Spot 5,Occupied,2026-09-18T14:25:19.764755+00:00,206,car,0.8365428447723389,2115,350.8509826660156,325.2668151855469,398.2410583496094,360.7392272949219
2026-09-18T15:00:32.604410+00:00,spot_6,Spot 6,Occupied,2026-09-18T13:29:15.996818+00:00,182,car,0.669294536113739,5489,283.9605712890625,321.04107666015625,354.5360107421875,368.667236328125
2026-09-18T15:00:32.604410+00:00,spot_7,Spot 7,Occupied,2026-09-18T13:56:26.319863+00:00,192,car,0.7544142603874207,3855,253.82144165039062,317.735107421875,303.9624938964844,358.373779296875
2026-09-18T15:00:32.604410+00:00,spot_8,Spot 8,Empty,2026-09-18T15:00:32.604410+00:00,,,,,,,,
2026-09-18T15:00:32.604410+00:00,spot_9,Spot 9,Occupied,2026-09-18T14:50:24.799919+00:00,215,car,0.5478819608688354,605,145.18600463867188,313.7414245605469,224.83352661132812,353.4717102050781
2026-09-18T15:00:32.604410+00:00,spot_10,Spot 10,Empty,2026-09-18T14:44:17.635162+00:00,,,,,,,,
2026-09-18T15:00:32.604410+00:00,spot_11,Spot 11,Occupied,2026-09-18T13:29:15.996818+00:00,183,car,0.3549875319004059,5489,116.64697265625,321.99315643310547,160.6527557373047,345.0733947753906
2026-09-18T15:00:32.604410+00:00,spot_12,Spot 12,Occupied,2026-09-18T14:50:24.799919+00:00,216,car,0.420421838760376,605,93.2337646484375,319.1375732421875,128.32601928710938,343.07470703125
2026-09-18T15:00:32.604410+00:00,spot_13,Spot 13,Empty,2026-09-18T00:56:19.559398+00:00,,,,,,,,
2026-09-18T15:00:32.604410+00:00,spot_14,Spot 14,Occupied,2026-09-18T14:59:19.059764+00:00,220,car,0.4597710371017456,83,47.204830169677734,319.7409973144531,81.0814208984375,336.8982238769531
2026-09-18T15:00:32.604410+00:00,spot_15,Spot 15,Empty,2026-09-18T14:09:19.751330+00:00,,,,,,,,
2026-09-18T15:00:32.604410+00:00,spot_16,Spot 16,Empty,2026-09-18T14:20:17.012809+00:00,,,,,,,,
2026-09-18T15:00:32.604410+00:00,spot_17,Spot 17,Empty,2026-09-17T18:54:59.211881+00:00,,,,,,,,
2026-09-18T15:01:30.612344+00:00,spot_1,Spot 1,Occupied,2026-09-18T14:59:19.059764+00:00,219,bus,0.8276257514953613,131,575.6293334960938,312.41888427734375,614.2844848632812,358.25140380859375
2026-09-18T15:01:30.612344+00:00,spot_2,Spot 2,Empty,2026-09-18T14:45:18.404551+00:00,,,,,,,,
2026-09-18T15:01:30.612344+00:00,spot_3,Spot 3,Occupied,2026-09-18T14:25:19.764755+00:00,205,car,0.82341468334198,2228,446.88067626953125,318.8768310546875,503.04498291015625,368.6527099609375
2026-09-18T15:01:30.612344+00:00,spot_4,Spot 4,Occupied,2026-09-18T14:45:18.404551+00:00,213,car,0.8824313879013062,964,390.1551513671875,324.360107421875,448.7373046875,363.4278564453125
2026-09-18T15:01:30.612344+00:00,spot_5,Spot 5,Occupied,2026-09-18T14:25:19.764755+00:00,206,car,0.8673005104064941,2162,350.3943176269531,325.8341369628906,395.3050842285156,361.0818176269531
2026-09-18T15:01:30.612344+00:00,spot_6,Spot 6,Occupied,2026-09-18T13:29:15.996818+00:00,182,car,0.7184186577796936,5536,283.9857177734375,320.72198486328125,353.097900390625,368.25018310546875
2026-09-18T15:01:30.612344+00:00,spot_7,Spot 7,Occupied,2026-09-18T13:56:26.319863+00:00,192,car,0.7051917910575867,3902,254.90936279296875,317.43841552734375,303.67108154296875,357.63348388671875
2026-09-18T15:01:30.612344+00:00,spot_8,Spot 8,Empty,2026-09-18T15:00:32.604410+00:00,,,,,,,,
2026-09-18T15:01:30.612344+00:00,spot_9,Spot 9,Occupied,2026-09-18T14:50:24.799919+00:00,215,truck,0.43467897176742554,652,145.05772399902344,313.1544189453125,226.8117218017578,352.93896484375
2026-09-18T15:01:30.612344+00:00,spot_10,Spot 10,Empty,2026-09-18T14:44:17.635162+00:00,,,,,,,,
2026-09-18T15:01:30.612344+00:00,spot_11,Spot 11,Occupied,2026-09-18T13:29:15.996818+00:00,183,car,0.6751681566238403,5536,116.82612609863281,322.38250732421875,159.55870056152344,344.931884765625
2026-09-18T15:01:30.612344+00:00,spot_12,Spot 12,Occupied,2026-09-18T14:50:24.799919+00:00,216,car,0.4030619263648987,652,92.41600036621094,318.8930969238281,126.07437133789062,336.2399597167969
2026-09-18T15:01:30.612344+00:00,spot_13,Spot 13,Empty,2026-09-18T00:56:19.559398+00:00,,,,,,,,
2026-09-18T15:01:30.612344+00:00,spot_14,Spot 14,Occupied,2026-09-18T14:59:19.059764+00:00,220,car,0.4488503932952881,131,42.943145751953125,317.999755859375,83.58843231201172,336.8427734375
2026-09-18T15:01:30.612344+00:00,spot_15,Spot 15,Empty,2026-09-18T14:09:19.751330+00:00,,,,,,,,
2026-09-18T15:01:30.612344+00:00,spot_16,Spot 16,Empty,2026-09-18T14:20:17.012809+00:00,,,,,,,,
2026-09-18T15:01:30.612344+00:00,spot_17,Spot 17,Empty,2026-09-17T18:54:59.211881+00:00,,,,,,,,
2026-09-18T15:02:18.418206+00:00,spot_1,Spot 1,Occupied,2026-09-18T14:59:19.059764+00:00,219,car,0.7649597525596619,180,575.3187866210938,313.1951904296875,614.7905883789062,358.7176513671875
2026-09-18T15:02:18.418206+00:00,spot_2,Spot 2,Empty,2026-09-18T14:45:18.404551+00:00,,,,,,,,
2026-09-18T15:02:18.418206+00:00,spot_3,Spot 3,Occupied,2026-09-18T14:25:19.764755+00:00,205,car,0.7847846150398254,2277,447.05487060546875,318.10528564453125,502.38494873046875,368.27886962890625
2026-09-18T15:02:18.418206+00:00,spot_4,Spot 4,Occupied,2026-09-18T14:45:18.404551+00:00,213,car,0.8859503865242004,1013,390.1455078125,324.2678527832031,448.553955078125,363.9230041503906
2026-09-18T15:02:18.418206+00:00,spot_5,Spot 5,Occupied,2026-09-18T14:25:19.764755+00:00,206,car,0.85813969373703,2211,350.7446594238281,326.493896484375,395.3092346191406,360.5550537109375
2026-09-18T15:02:18.418206+00:00,spot_6,Spot 6,Occupied,2026-09-18T13:29:15.996818+00:00,182,car,0.7174659967422485,5585,284.0874938964844,320.58599853515625,352.8824157714844,368.33514404296875
2026-09-18T15:02:18.418206+00:00,spot_7,Spot 7,Occupied,2026-09-18T13:56:26.319863+00:00,192,car,0.686112105846405,3951,254.82806396484375,317.11492919921875,303.6561279296875,357.42596435546875
2026-09-18T15:02:18.418206+00:00,spot_8,Spot 8,Occupied,2026-09-18T15:02:18.418206+00:00,221,car,0.37657251954078674,0,193.9644775390625,327.60003662109375,255.21841430664062,354.33331298828125
2026-09-18T15:02:18.418206+00:00,spot_9,Spot 9,Occupied,2026-09-18T14:50:24.799919+00:00,215,car,0.57593834400177,701,144.83786010742188,313.33343505859375,225.75790405273438,353.19427490234375
2026-09-18T15:02:18.418206+00:00,spot_10,Spot 10,Empty,2026-09-18T14:44:17.635162+00:00,,,,,,,,
2026-09-18T15:02:18.418206+00:00,spot_11,Spot 11,Occupied,2026-09-18T13:29:15.996818+00:00,183,car,0.6838711500167847,5585,113.8366928100586,322.5308837890625,158.73477172851562,345.44097900390625
2026-09-18T15:02:18.418206+00:00,spot_12,Spot 12,Empty,2026-09-18T15:02:18.418206+00:00,,,,,,,,
2026-09-18T15:02:18.418206+00:00,spot_13,Spot 13,Empty,2026-09-18T00:56:19.559398+00:00,,,,,,,,
2026-09-18T15:02:18.418206+00:00,spot_14,Spot 14,Occupied,2026-09-18T14:59:19.059764+00:00,220,car,0.41118451952934265,180,45.647674560546875,319.479736328125,83.13932800292969,336.4752197265625
2026-09-18T15:02:18.418206+00:00,spot_15,Spot 15,Empty,2026-09-18T14:09:19.751330+00:00,,,,,,,,
2026-09-18T15:02:18.418206+00:00,spot_16,Spot 16,Empty,2026-09-18T14:20:17.012809+00:00,,,,,,,,
2026-09-18T15:02:18.418206+00:00,spot_17,Spot 17,Empty,2026-09-17T18:54:59.211881+00:00,,,,,,,,
2026-09-18T15:03:19.847346+00:00,spot_1,Spot 1,Occupied,2026-09-18T14:59:19.059764+00:00,219,car,0.8178983926773071,239,575.252685546875,312.98834228515625,615.0552978515625,359.52362060546875
2026-09-18T15:03:19.847346+00:00,spot_2,Spot 2,Empty,2026-09-18T14:45:18.404551+00:00,,,,,,,,
2026-09-18T15:03:19.847346+00:00,spot_3,Spot 3,Occupied,2026-09-18T14:25:19.764755+00:00,205,car,0.7505547404289246,2336,447.091796875,319.6953430175781,502.2274169921875,368.4328308105469
2026-09-18T15:03:19.847346+00:00,spot_4,Spot 4,Occupied,2026-09-18T14:45:18.404551+00:00,213,car,0.8866657614707947,1073,390.19775390625,324.099365234375,448.583740234375,363.70263671875
2026-09-18T15:03:19.847346+00:00,spot_5,Spot 5,Occupied,2026-09-18T14:25:19.764755+00:00,206,car,0.8642879128456116,2271,350.477294921875,325.1705322265625,395.7359619140625,360.9437255859375
2026-09-18T15:03:19.847346+00:00,spot_6,Spot 6,Occupied,2026-09-18T13:29:15.996818+00:00,182,car,0.5822684168815613,5645,283.92364501953125,320.4650573730469,353.11126708984375,368.5366516113281
2026-09-18T15:03:19.847346+00:00,spot_7,Spot 7,Occupied,2026-09-18T13:56:26.319863+00:00,192,car,0.6361714601516724,4011,254.97080993652344,316.697265625,298.198486328125,357.413330078125
2026-09-18T15:03:19.847346+00:00,spot_8,Spot 8,Empty,2026-09-18T15:03:19.847346+00:00,,,,,,,,
2026-09-18T15:03:19.847346+00:00,spot_9,Spot 9,Occupied,2026-09-18T14:50:24.799919+00:00,215,car,0.5153917074203491,760,145.28419494628906,312.97027587890625,224.88987731933594,353.07861328125
2026-09-18T15:03:19.847346+00:00,spot_10,Spot 10,Empty,2026-09-18T14:44:17.635162+00:00,,,,,,,,
2026-09-18T15:03:19.847346+00:00,spot_11,Spot 11,Occupied,2026-09-18T13:29:15.996818+00:00,183,car,0.7217918634414673,5645,116.23323059082031,322.3612060546875,160.6634979248047,345.0340576171875
2026-09-18T15:03:19.847346+00:00,spot_12,Spot 12,Empty,2026-09-18T15:02:18.418206+00:00,,,,,,,,
2026-09-18T15:03:19.847346+00:00,spot_13,Spot 13,Empty,2026-09-18T00:56:19.559398+00:00,,,,,,,,
2026-09-18T15:03:19.847346+00:00,spot_14,Spot 14,Occupied,2026-09-18T14:59:19.059764+00:00,220,car,0.47556817531585693,239,46.40330505371094,316.5611572265625,83.90835571289062,336.5169677734375
2026-09-18T15:03:19.847346+00:00,spot_15,Spot 15,Empty,2026-09-18T14:09:19.751330+00:00,,,,,,,,
2026-09-18T15:03:19.847346+00:00,spot_16,Spot 16,Empty,2026-09-18T14:20:17.012809+00:00,,,,,,,,
2026-09-18T15:03:19.847346+00:00,spot_17,Spot 17,Empty,2026-09-17T18:54:59.211881+00:00,,,,,,,,
2026-09-18T15:04:12.803452+00:00,spot_1,Spot 1,Occupied,2026-09-18T14:59:19.059764+00:00,219,car,0.7909491062164307,295,575.5032958984375,313.14190673828125,614.6685791015625,360.103271484375
2026-09-18T15:04:12.803452+00:00,spot_2,Spot 2,Empty,2026-09-18T14:45:18.404551+00:00,,,,,,,,
2026-09-18T15:04:12.803452+00:00,spot_3,Spot 3,Occupied,2026-09-18T14:25:19.764755+00:00,205,car,0.7745712399482727,2392,447.25927734375,318.9637451171875,502.776123046875,368.6429443359375
2026-09-18T15:04:12.803452+00:00,spot_4,Spot 4,Occupied,2026-09-18T14:45:18.404551+00:00,213,car,0.8863082528114319,1128,389.79144287109375,323.68829345703125,448.66961669921875,364.22869873046875
2026-09-18T15:04:12.803452+00:00,spot_5,Spot 5,Occupied,2026-09-18T14:25:19.764755+00:00,206,car,0.846588134765625,2326,350.58062744140625,325.8892517089844,395.34967041015625,361.3278503417969
2026-09-18T15:04:12.803452+00:00,spot_6,Spot 6,Occupied,2026-09-18T13:29:15.996818+00:00,182,car,0.8204222321510315,5700,283.8082580566406,320.58734130859375,353.1186828613281,368.41400146484375
2026-09-18T15:04:12.803452+00:00,spot_7,Spot 7,Occupied,2026-09-18T13:56:26.319863+00:00,192,car,0.7626033425331116,4066,254.59097290039062,316.89471435546875,303.8511657714844,357.49542236328125
2026-09-18T15:04:12.803452+00:00,spot_8,Spot 8,Occupied,2026-09-18T15:04:12.803452+00:00,222,car,0.8062650561332703,0,195.5737762451172,327.1877136230469,255.32423400878906,352.2570495605469
2026-09-18T15:04:12.803452+00:00,spot_9,Spot 9,Occupied,2026-09-18T14:50:24.799919+00:00,215,car,0.581454873085022,816,144.531982421875,313.50164794921875,224.11663818359375,352.90435791015625
2026-09-18T15:04:12.803452+00:00,spot_10,Spot 10,Empty,2026-09-18T14:44:17.635162+00:00,,,,,,,,
2026-09-18T15:04:12.803452+00:00,spot_11,Spot 11,Occupied,2026-09-18T13:29:15.996818+00:00,183,car,0.5974060297012329,5700,117.10008239746094,322.09466552734375,159.5616912841797,344.96600341796875
2026-09-18T15:04:12.803452+00:00,spot_12,Spot 12,Occupied,2026-09-18T15:04:12.803452+00:00,223,car,0.5872274041175842,0,93.352783203125,318.5638122558594,131.4695281982422,343.3204650878906
2026-09-18T15:04:12.803452+00:00,spot_13,Spot 13,Empty,2026-09-18T00:56:19.559398+00:00,,,,,,,,
2026-09-18T15:04:12.803452+00:00,spot_14,Spot 14,Empty,2026-09-18T15:04:12.803452+00:00,,,,,,,,
2026-09-18T15:04:12.803452+00:00,spot_15,Spot 15,Empty,2026-09-18T14:09:19.751330+00:00,,,,,,,,
2026-09-18T15:04:12.803452+00:00,spot_16,Spot 16,Empty,2026-09-18T14:20:17.012809+00:00,,,,,,,,
2026-09-18T15:04:12.803452+00:00,spot_17,Spot 17,Empty,2026-09-17T18:54:59.211881+00:00,,,,,,,,
2026-09-18T15:05:20.272027+00:00,spot_1,Spot 1,Occupied,2026-09-18T14:59:19.059764+00:00,219,car,0.8248012661933899,367,575.2667236328125,313.100830078125,615.0391845703125,358.7730712890625
2026-09-18T15:05:20.272027+00:00,spot_2,Spot 2,Empty,2026-09-18T14:45:18.404551+00:00,,,,,,,,
2026-09-18T15:05:20.272027+00:00,spot_3,Spot 3,Occupied,2026-09-18T14:25:19.764755+00:00,205,car,0.7131593227386475,2464,447.09857177734375,326.6190185546875,499.70782470703125,368.5230712890625
2026-09-18T15:05:20.272027+00:00,spot_4,Spot 4,Occupied,2026-09-18T14:45:18.404551+00:00,213,car,0.8890931606292725,1201,390.31329345703125,323.3216552734375,448.61236572265625,363.62060546875
2026-09-18T15:05:20.272027+00:00,spot_5,Spot 5,Occupied,2026-09-18T14:25:19.764755+00:00,206,car,0.8613545298576355,2399,349.755126953125,325.82537841796875,395.26947021484375,360.96514892578125
2026-09-18T15:05:20.272027+00:00,spot_6,Spot 6,Occupied,2026-09-18T13:29:15.996818+00:00,182,car,0.6588453054428101,5773,283.80755615234375,320.51641845703125,354.13458251953125,368.204833984375
2026-09-18T15:05:20.272027+00:00,spot_7,Spot 7,Occupied,2026-09-18T13:56:26.319863+00:00,192,car,0.6754723787307739,4139,254.36273193359375,317.9259033203125,303.80377197265625,357.785888671875
2026-09-18T15:05:20.272027+00:00,spot_8,Spot 8,Occupied,2026-09-18T15:04:12.803452+00:00,222,car,0.8331689238548279,72,195.35165405273438,327.25616455078125,255.46328735351562,352.749267578125
2026-09-18T15:05:20.272027+00:00,spot_9,Spot 9,Occupied,2026-09-18T14:50:24.799919+00:00,215,car,0.690162181854248,889,144.79354858398438,313.0078125,224.77651977539062,353.24072265625
2026-09-18T15:05:20.272027+00:00,spot_10,Spot 10,Empty,2026-09-18T14:44:17.635162+00:00,,,,,,,,
2026-09-18T15:05:20.272027+00:00,spot_11,Spot 11,Occupied,2026-09-18T13:29:15.996818+00:00,183,car,0.737572193145752,5773,113.00752258300781,322.19219970703125,159.57420349121094,345.45379638671875
2026-09-18T15:05:20.272027+00:00,spot_12,Spot 12,Occupied,2026-09-18T15:04:12.803452+00:00,223,car,0.5762506723403931,72,92.58486938476562,318.50604248046875,127.86302185058594,342.91070556640625
2026-09-18T15:05:20.272027+00:00,spot_13,Spot 13,Empty,2026-09-18T00:56:19.559398+00:00,,,,,,,,
2026-09-18T15:05:20.272027+00:00,spot_14,Spot 14,Occupied,2026-09-18T15:05:20.272027+00:00,224,car,0.46930888295173645,0,46.205963134765625,318.69757080078125,83.37020874023438,336.70989990234375
2026-09-18T15:05:20.272027+00:00,spot_15,Spot 15,Empty,2026-09-18T14:09:19.751330+00:00,,,,,,,,
2026-09-18T15:05:20.272027+00:00,spot_16,Spot 16,Empty,2026-09-18T14:20:17.012809+00:00,,,,,,,,
2026-09-18T15:05:20.272027+00:00,spot_17,Spot 17,Empty,2026-09-17T18:54:59.211881+00:00,,,,,,,,
2026-09-18T15:06:23.374628+00:00,spot_1,Spot 1,Occupied,2026-09-18T14:59:19.059764+00:00,219,car,0.7899811863899231,425,575.31884765625,313.43096923828125,614.679443359375,359.53558349609375
2026-09-18T15:06:23.374628+00:00,spot_2,Spot 2,Empty,2026-09-18T14:45:18.404551+00:00,,,,,,,,
2026-09-18T15:06:23.374628+00:00,spot_3,Spot 3,Occupied,2026-09-18T14:25:19.764755+00:00,205,car,0.7736807465553284,2522,446.9263916015625,326.0894775390625,499.8792724609375,368.427490234375
2026-09-18T15:06:23.374628+00:00,spot_4,Spot 4,Occupied,2026-09-18T14:45:18.404551+00:00,213,car,0.8700106739997864,1259,390.0660400390625,323.9459228515625,448.39593505859375,363.5858154296875
2026-09-18T15:06:23.374628+00:00,spot_5,Spot 5,Occupied,2026-09-18T14:25:19.764755+00:00,206,car,0.8613462448120117,2456,350.34271240234375,325.59149169921875,395.17333984375,360.68524169921875
2026-09-18T15:06:23.374628+00:00,spot_6,Spot 6,Occupied,2026-09-18T13:29:15.996818+00:00,182,car,0.7398687601089478,5831,283.7735290527344,320.56414794921875,355.0456237792969,368.34063720703125
2026-09-18T15:06:23.374628+00:00,spot_7,Spot 7,Occupied,2026-09-18T13:56:26.319863+00:00,192,car,0.7513136863708496,4196,254.4684295654297,317.1833801269531,309.50933837890625,357.4402160644531
2026-09-18T15:06:23.374628+00:00,spot_8,Spot 8,Occupied,2026-09-18T15:04:12.803452+00:00,222,car,0.8319193720817566,130,194.04415893554688,326.7938232421875,255.32452392578125,352.54345703125
2026-09-18T15:06:23.374628+00:00,spot_9,Spot 9,Occupied,2026-09-18T14:50:24.799919+00:00,215,car,0.5806302428245544,946,144.77743530273438,313.02191162109375,225.21347045898438,353.36468505859375
2026-09-18T15:06:23.374628+00:00,spot_10,Spot 10,Empty,2026-09-18T14:44:17.635162+00:00,,,,,,,,
2026-09-18T15:06:23.374628+00:00,spot_11,Spot 11,Occupied,2026-09-18T13:29:15.996818+00:00,183,car,0.5818113088607788,5831,117.99036407470703,322.91058349609375,159.4710693359375,345.16790771484375
2026-09-18T15:06:23.374628+00:00,spot_12,Spot 12,Occupied,2026-09-18T15:04:12.803452+00:00,223,car,0.5408267378807068,130,93.40003967285156,318.5301513671875,128.766845703125,342.5982666015625
2026-09-18T15:06:23.374628+00:00,spot_13,Spot 13,Empty,2026-09-18T00:56:19.559398+00:00,,,,,,,,
2026-09-18T15:06:23.374628+00:00,spot_14,Spot 14,Occupied,2026-09-18T15:05:20.272027+00:00,224,car,0.5821600556373596,57,45.912986755371094,319.0718994140625,81.63288879394531,336.0143814086914
2026-09-18T15:06:23.374628+00:00,spot_15,Spot 15,Empty,2026-09-18T14:09:19.751330+00:00,,,,,,,,
2026-09-18T15:06:23.374628+00:00,spot_16,Spot 16,Empty,2026-09-18T14:20:17.012809+00:00,,,,,,,,
2026-09-18T15:06:23.374628+00:00,spot_17,Spot 17,Empty,2026-09-17T18:54:59.211881+00:00,,,,,,,,
2026-09-18T15:07:16.572941+00:00,spot_1,Spot 1,Occupied,2026-09-18T14:59:19.059764+00:00,219,car,0.7607584595680237,475,574.616943359375,313.088623046875,614.03369140625,359.1248779296875
2026-09-18T15:07:16.572941+00:00,spot_2,Spot 2,Empty,2026-09-18T14:45:18.404551+00:00,,,,,,,,
2026-09-18T15:07:16.572941+00:00,spot_3,Spot 3,Occupied,2026-09-18T14:25:19.764755+00:00,205,car,0.8290902376174927,2572,446.8829040527344,318.22894287109375,503.6604919433594,368.045166015625
2026-09-18T15:07:16.572941+00:00,spot_4,Spot 4,Occupied,2026-09-18T14:45:18.404551+00:00,213,car,0.8816251754760742,1309,390.097900390625,323.6109619140625,449.057373046875,363.569091796875
2026-09-18T15:07:16.572941+00:00,spot_5,Spot 5,Occupied,2026-09-18T14:25:19.764755+00:00,206,car,0.7971715927124023,2507,350.6036376953125,325.96484375,396.354736328125,360.6417236328125
2026-09-18T15:07:16.572941+00:00,spot_6,Spot 6,Occupied,2026-09-18T13:29:15.996818+00:00,182,car,0.45342376828193665,5881,283.97088623046875,320.76678466796875,356.17205810546875,368.215087890625
2026-09-18T15:07:16.572941+00:00,spot_7,Spot 7,Occupied,2026-09-18T13:56:26.319863+00:00,192,car,0.8202719688415527,4247,254.5555419921875,318.6343078613281,299.56268310546875,357.6706237792969
2026-09-18T15:07:16.572941+00:00,spot_8,Spot 8,Occupied,2026-09-18T15:04:12.803452+00:00,222,car,0.863598108291626,180,195.91482543945312,326.8544921875,255.8416748046875,352.86474609375
2026-09-18T15:07:16.572941+00:00,spot_9,Spot 9,Occupied,2026-09-18T14:50:24.799919+00:00,215,car,0.6219311952590942,997,145.52865600585938,312.52728271484375,224.52792358398438,353.5400390625
2026-09-18T15:07:16.572941+00:00,spot_10,Spot 10,Empty,2026-09-18T14:44:17.635162+00:00,,,,,,,,
2026-09-18T15:07:16.572941+00:00,spot_11,Spot 11,Occupied,2026-09-18T13:29:15.996818+00:00,183,car,0.5932974815368652,5881,126.50599670410156,323.45318603515625,158.96800231933594,345.17706298828125
2026-09-18T15:07:16.572941+00:00,spot_12,Spot 12,Occupied,2026-09-18T15:04:12.803452+00:00,223,car,0.601601779460907,180,93.00205993652344,318.7126770019531,130.5572052001953,343.1643371582031
2026-09-18T15:07:16.572941+00:00,spot_13,Spot 13,Empty,2026-09-18T00:56:19.559398+00:00,,,,,,,,
2026-09-18T15:07:16.572941+00:00,spot_14,Spot 14,Occupied,2026-09-18T15:05:20.272027+00:00,224,car,0.5013129711151123,108,47.043357849121094,319.2975540161133,82.86730194091797,336.0286178588867
2026-09-18T15:07:16.572941+00:00,spot_15,Spot 15,Empty,2026-09-18T14:09:19.751330+00:00,,,,,,,,
2026-09-18T15:07:16.572941+00:00,spot_16,Spot 16,Empty,2026-09-18T14:20:17.012809+00:00,,,,,,,,
2026-09-18T15:07:16.572941+00:00,spot_17,Spot 17,Empty,2026-09-17T18:54:59.211881+00:00,,,,,,,,
2026-09-18T15:08:13.784398+00:00,spot_1,Spot 1,Occupied,2026-09-18T14:59:19.059764+00:00,219,car,0.7348864674568176,535,570.1915283203125,313.150390625,614.3919677734375,358.466064453125
2026-09-18T15:08:13.784398+00:00,spot_2,Spot 2,Empty,2026-09-18T14:45:18.404551+00:00,,,,,,,,
2026-09-18T15:08:13.784398+00:00,spot_3,Spot 3,Occupied,2026-09-18T14:25:19.764755+00:00,205,car,0.8092695474624634,2632,447.0647277832031,318.05364990234375,504.0198669433594,368.08831787109375
2026-09-18T15:08:13.784398+00:00,spot_4,Spot 4,Occupied,2026-09-18T14:45:18.404551+00:00,213,car,0.8685844540596008,1369,390.2572021484375,324.0074768066406,448.641357421875,364.3266906738281
2026-09-18T15:08:13.784398+00:00,spot_5,Spot 5,Occupied,2026-09-18T14:25:19.764755+00:00,206,car,0.8424493074417114,2566,350.3779296875,325.5594482421875,395.4935302734375,360.65771484375
2026-09-18T15:08:13.784398+00:00,spot_6,Spot 6,Occupied,2026-09-18T13:29:15.996818+00:00,182,truck,0.6074494123458862,5941,283.5243225097656,320.69329833984375,353.7532043457031,368.32598876953125
2026-09-18T15:08:13.784398+00:00,spot_7,Spot 7,Occupied,2026-09-18T13:56:26.319863+00:00,192,car,0.656059205532074,4306,254.883544921875,317.1622314453125,301.74267578125,357.8427734375
2026-09-18T15:08:13.784398+00:00,spot_8,Spot 8,Occupied,2026-09-18T15:04:12.803452+00:00,222,car,0.853073239326477,240,195.02780151367188,327.47515869140625,255.40902709960938,352.709716796875
2026-09-18T15:08:13.784398+00:00,spot_9,Spot 9,Occupied,2026-09-18T14:50:24.799919+00:00,215,car,0.6382486820220947,1056,145.98001098632812,313.18994140625,224.44198608398438,353.17236328125
2026-09-18T15:08:13.784398+00:00,spot_10,Spot 10,Empty,2026-09-18T14:44:17.635162+00:00,,,,,,,,
2026-09-18T15:08:13.784398+00:00,spot_11,Spot 11,Occupied,2026-09-18T13:29:15.996818+00:00,183,car,0.47578585147857666,5941,115.35414123535156,322.6096496582031,160.73260498046875,345.04205322265625
2026-09-18T15:08:13.784398+00:00,spot_12,Spot 12,Occupied,2026-09-18T15:04:12.803452+00:00,223,car,0.7152342796325684,240,92.29461669921875,318.7371826171875,128.80731201171875,342.9124755859375
2026-09-18T15:08:13.784398+00:00,spot_13,Spot 13,Empty,2026-09-18T00:56:19.559398+00:00,,,,,,,,
2026-09-18T15:08:13.784398+00:00,spot_14,Spot 14,Occupied,2026-09-18T15:05:20.272027+00:00,224,car,0.4638858437538147,167,45.050350189208984,319.25347900390625,83.18118286132812,336.86016845703125
2026-09-18T15:08:13.784398+00:00,spot_15,Spot 15,Empty,2026-09-18T14:09:19.751330+00:00,,,,,,,,
2026-09-18T15:08:13.784398+00:00,spot_16,Spot 16,Empty,2026-09-18T14:20:17.012809+00:00,,,,,,,,
2026-09-18T15:08:13.784398+00:00,spot_17,Spot 17,Empty,2026-09-17T18:54:59.211881+00:00,,,,,,,,
2026-09-18T15:09:18.991816+00:00,spot_1,Spot 1,Occupied,2026-09-18T14:59:19.059764+00:00,219,car,0.8019200563430786,600,572.607177734375,312.65869140625,615.454833984375,359.238525390625
2026-09-18T15:09:18.991816+00:00,spot_2,Spot 2,Empty,2026-09-18T14:45:18.404551+00:00,,,,,,,,
2026-09-18T15:09:18.991816+00:00,spot_3,Spot 3,Occupied,2026-09-18T14:25:19.764755+00:00,205,car,0.7785744071006775,2697,447.21380615234375,318.11737060546875,504.5057373046875,368.37713623046875
2026-09-18T15:09:18.991816+00:00,spot_4,Spot 4,Occupied,2026-09-18T14:45:18.404551+00:00,213,car,0.8680111169815063,1434,390.261962890625,324.14349365234375,448.485595703125,363.2149658203125
2026-09-18T15:09:18.991816+00:00,spot_5,Spot 5,Occupied,2026-09-18T14:25:19.764755+00:00,206,car,0.8671973347663879,2632,350.161376953125,325.906494140625,395.54107666015625,360.69970703125
2026-09-18T15:09:18.991816+00:00,spot_6,Spot 6,Occupied,2026-09-18T13:29:15.996818+00:00,182,car,0.6192772388458252,6006,283.754638671875,320.72265625,352.86865234375,368.5208740234375
2026-09-18T15:09:18.991816+00:00,spot_7,Spot 7,Occupied,2026-09-18T13:56:26.319863+00:00,192,car,0.7247633337974548,4372,254.71788024902344,317.2831115722656,304.069580078125,357.8153381347656
2026-09-18T15:09:18.991816+00:00,spot_8,Spot 8,Occupied,2026-09-18T15:04:12.803452+00:00,222,car,0.8515672087669373,305,195.54083251953125,327.2563705444336,246.89732360839844,352.09275817871094
2026-09-18T15:09:18.991816+00:00,spot_9,Spot 9,Occupied,2026-09-18T14:50:24.799919+00:00,215,car,0.7850840091705322,1122,148.892822265625,311.9447784423828,224.10354614257812,353.3587188720703
2026-09-18T15:09:18.991816+00:00,spot_10,Spot 10,Empty,2026-09-18T14:44:17.635162+00:00,,,,,,,,
2026-09-18T15:09:18.991816+00:00,spot_11,Spot 11,Occupied,2026-09-18T13:29:15.996818+00:00,183,car,0.6282009482383728,6006,114.78231811523438,323.29107666015625,159.116943359375,345.01654052734375
2026-09-18T15:09:18.991816+00:00,spot_12,Spot 12,Occupied,2026-09-18T15:04:12.803452+00:00,223,car,0.4829506278038025,305,94.15359497070312,319.07037353515625,128.08880615234375,342.90081787109375
2026-09-18T15:09:18.991816+00:00,spot_13,Spot 13,Empty,2026-09-18T00:56:19.559398+00:00,,,,,,,,
2026-09-18T15:09:18.991816+00:00,spot_14,Spot 14,Occupied,2026-09-18T15:05:20.272027+00:00,224,car,0.5917686223983765,233,46.720157623291016,318.4167785644531,81.68492889404297,336.10555267333984
2026-09-18T15:09:18.991816+00:00,spot_15,Spot 15,Empty,2026-09-18T14:09:19.751330+00:00,,,,,,,,
2026-09-18T15:09:18.991816+00:00,spot_16,Spot 16,Empty,2026-09-18T14:20:17.012809+00:00,,,,,,,,
2026-09-18T15:09:18.991816+00:00,spot_17,Spot 17,Empty,2026-09-17T18:54:59.211881+00:00,,,,,,,,
2026-09-18T15:10:23.952235+00:00,spot_1,Spot 1,Occupied,2026-09-18T14:59:19.059764+00:00,219,car,0.8531008362770081,678,573.868408203125,313.010009765625,614.12646484375,358.710693359375
2026-09-18T15:10:23.952235+00:00,spot_2,Spot 2,Empty,2026-09-18T14:45:18.404551+00:00,,,,,,,,
2026-09-18T15:10:23.952235+00:00,spot_3,Spot 3,Occupied,2026-09-18T14:25:19.764755+00:00,205,car,0.6993855834007263,2775,447.568115234375,326.2169189453125,499.1024169921875,368.0352783203125
2026-09-18T15:10:23.952235+00:00,spot_4,Spot 4,Occupied,2026-09-18T14:45:18.404551+00:00,213,car,0.8448289036750793,1511,389.99761962890625,323.6905517578125,448.37518310546875,364.0159912109375
2026-09-18T15:10:23.952235+00:00,spot_5,Spot 5,Occupied,2026-09-18T14:25:19.764755+00:00,206,car,0.848164975643158,2709,350.2625732421875,326.85107421875,397.4130859375,361.06982421875
2026-09-18T15:10:23.952235+00:00,spot_6,Spot 6,Occupied,2026-09-18T13:29:15.996818+00:00,182,car,0.7596641182899475,6083,284.0040588378906,320.862548828125,355.5101013183594,368.170654296875
2026-09-18T15:10:23.952235+00:00,spot_7,Spot 7,Occupied,2026-09-18T13:56:26.319863+00:00,192,car,0.6610492467880249,4449,254.5807342529297,321.2017822265625,304.32135009765625,358.1807861328125
2026-09-18T15:10:23.952235+00:00,spot_8,Spot 8,Occupied,2026-09-18T15:04:12.803452+00:00,222,car,0.8571292161941528,383,195.33123779296875,327.1055908203125,255.1409912109375,352.9454345703125
2026-09-18T15:10:23.952235+00:00,spot_9,Spot 9,Occupied,2026-09-18T14:50:24.799919+00:00,215,car,0.6816030144691467,1199,147.5086212158203,314.19112396240234,224.15928649902344,352.6413116455078
2026-09-18T15:10:23.952235+00:00,spot_10,Spot 10,Empty,2026-09-18T14:44:17.635162+00:00,,,,,,,,
2026-09-18T15:10:23.952235+00:00,spot_11,Spot 11,Occupied,2026-09-18T13:29:15.996818+00:00,183,car,0.6172260642051697,6083,116.98399353027344,323.52520751953125,159.37171936035156,345.34271240234375
2026-09-18T15:10:23.952235+00:00,spot_12,Spot 12,Empty,2026-09-18T15:10:23.952235+00:00,,,,,,,,
2026-09-18T15:10:23.952235+00:00,spot_13,Spot 13,Empty,2026-09-18T00:56:19.559398+00:00,,,,,,,,
2026-09-18T15:10:23.952235+00:00,spot_14,Spot 14,Occupied,2026-09-18T15:05:20.272027+00:00,224,car,0.6654515862464905,310,46.883052825927734,316.70569610595703,82.904541015625,336.4209747314453
2026-09-18T15:10:23.952235+00:00,spot_15,Spot 15,Empty,2026-09-18T14:09:19.751330+00:00,,,,,,,,
2026-09-18T15:10:23.952235+00:00,spot_16,Spot 16,Empty,2026-09-18T14:20:17.012809+00:00,,,,,,,,
2026-09-18T15:10:23.952235+00:00,spot_17,Spot 17,Empty,2026-09-17T18:54:59.211881+00:00,,,,,,,,
2026-09-18T15:11:19.040142+00:00,spot_1,Spot 1,Occupied,2026-09-18T14:59:19.059764+00:00,219,car,0.7469220161437988,720,575.0947265625,312.93603515625,615.2000732421875,358.971435546875
2026-09-18T15:11:19.040142+00:00,spot_2,Spot 2,Empty,2026-09-18T14:45:18.404551+00:00,,,,,,,,
2026-09-18T15:11:19.040142+00:00,spot_3,Spot 3,Occupied,2026-09-18T14:25:19.764755+00:00,205,car,0.7271495461463928,2817,447.3194580078125,318.305908203125,502.9383544921875,367.6961669921875
2026-09-18T15:11:19.040142+00:00,spot_4,Spot 4,Occupied,2026-09-18T14:45:18.404551+00:00,213,car,0.8745567798614502,1554,390.1094970703125,323.9705810546875,448.35430908203125,363.63104248046875
2026-09-18T15:11:19.040142+00:00,spot_5,Spot 5,Occupied,2026-09-18T14:25:19.764755+00:00,206,car,0.8580262064933777,2751,350.87060546875,326.35528564453125,394.8714599609375,361.0966796875
2026-09-18T15:11:19.040142+00:00,spot_6,Spot 6,Occupied,2026-09-18T13:29:15.996818+00:00,182,car,0.6079120635986328,6126,283.63494873046875,321.03717041015625,352.64324951171875,368.47540283203125
2026-09-18T15:11:19.040142+00:00,spot_7,Spot 7,Occupied,2026-09-18T13:56:26.319863+00:00,192,car,0.7464063167572021,4491,254.95132446289062,318.18572998046875,304.3520202636719,358.37664794921875
2026-09-18T15:11:19.040142+00:00,spot_8,Spot 8,Occupied,2026-09-18T15:04:12.803452+00:00,222,car,0.8358470797538757,425,195.1329345703125,327.4314651489258,246.76597595214844,351.9767532348633
2026-09-18T15:11:19.040142+00:00,spot_9,Spot 9,Occupied,2026-09-18T14:50:24.799919+00:00,215,car,0.4953543543815613,1241,145.78302001953125,313.5220947265625,223.84896850585938,353.8233642578125
2026-09-18T15:11:19.040142+00:00,spot_10,Spot 10,Empty,2026-09-18T14:44:17.635162+00:00,,,,,,,,
2026-09-18T15:11:19.040142+00:00,spot_11,Spot 11,Occupied,2026-09-18T13:29:15.996818+00:00,183,car,0.6815224885940552,6126,117.206787109375,323.359375,158.08889770507812,345.4580078125
2026-09-18T15:11:19.040142+00:00,spot_12,Spot 12,Occupied,2026-09-18T15:11:19.040142+00:00,225,car,0.5591132640838623,0,93.36274719238281,319.29730224609375,128.25169372558594,343.07379150390625
2026-09-18T15:11:19.040142+00:00,spot_13,Spot 13,Empty,2026-09-18T00:56:19.559398+00:00,,,,,,,,
2026-09-18T15:11:19.040142+00:00,spot_14,Spot 14,Occupied,2026-09-18T15:05:20.272027+00:00,224,car,0.7974956631660461,352,46.592037200927734,318.23915100097656,81.99064636230469,336.27603912353516
2026-09-18T15:11:19.040142+00:00,spot_15,Spot 15,Empty,2026-09-18T14:09:19.751330+00:00,,,,,,,,
2026-09-18T15:11:19.040142+00:00,spot_16,Spot 16,Empty,2026-09-18T14:20:17.012809+00:00,,,,,,,,
2026-09-18T15:11:19.040142+00:00,spot_17,Spot 17,Empty,2026-09-17T18:54:59.211881+00:00,,,,,,,,
2026-09-18T15:12:17.278490+00:00,spot_1,Spot 1,Occupied,2026-09-18T14:59:19.059764+00:00,219,car,0.8183838725090027,780,575.18896484375,312.7158203125,615.060791015625,359.049072265625
2026-09-18T15:12:17.278490+00:00,spot_2,Spot 2,Empty,2026-09-18T14:45:18.404551+00:00,,,,,,,,
2026-09-18T15:12:17.278490+00:00,spot_3,Spot 3,Occupied,2026-09-18T14:25:19.764755+00:00,205,car,0.802887499332428,2877,447.47357177734375,325.7615051269531,497.90740966796875,367.6008605957031
2026-09-18T15:12:17.278490+00:00,spot_4,Spot 4,Occupied,2026-09-18T14:45:18.404551+00:00,213,car,0.8414282202720642,1614,389.97662353515625,323.6787109375,448.35516357421875,363.4393310546875
2026-09-18T15:12:17.278490+00:00,spot_5,Spot 5,Occupied,2026-09-18T14:25:19.764755+00:00,206,car,0.8625445365905762,2811,349.64849853515625,325.8132019042969,396.87799072265625,360.5028381347656
2026-09-18T15:12:17.278490+00:00,spot_6,Spot 6,Occupied,2026-09-18T13:29:15.996818+00:00,182,car,0.8060669898986816,6186,284.12750244140625,320.96783447265625,353.6148681640625,367.88177490234375
2026-09-18T15:12:17.278490+00:00,spot_7,Spot 7,Occupied,2026-09-18T13:56:26.319863+00:00,192,car,0.7941861152648926,4551,254.81900024414062,318.289306640625,304.6629943847656,357.98223876953125
2026-09-18T15:12:17.278490+00:00,spot_8,Spot 8,Occupied,2026-09-18T15:04:12.803452+00:00,222,car,0.8571991920471191,485,194.66812133789062,327.28436279296875,255.2515869140625,352.69451904296875
2026-09-18T15:12:17.278490+00:00,spot_9,Spot 9,Occupied,2026-09-18T14:50:24.799919+00:00,215,car,0.4823548495769501,1301,147.3285369873047,314.0567169189453,224.7083282470703,353.0472717285156
2026-09-18T15:12:17.278490+00:00,spot_10,Spot 10,Empty,2026-09-18T14:44:17.635162+00:00,,,,,,,,
2026-09-18T15:12:17.278490+00:00,spot_11,Spot 11,Occupied,2026-09-18T13:29:15.996818+00:00,183,car,0.6514345407485962,6186,118.00450897216797,323.8157958984375,160.2672119140625,345.79248046875
2026-09-18T15:12:17.278490+00:00,spot_12,Spot 12,Occupied,2026-09-18T15:11:19.040142+00:00,225,car,0.5850152373313904,59,93.30845642089844,318.9284362792969,128.35049438476562,343.2636413574219
2026-09-18T15:12:17.278490+00:00,spot_13,Spot 13,Empty,2026-09-18T00:56:19.559398+00:00,,,,,,,,
2026-09-18T15:12:17.278490+00:00,spot_14,Spot 14,Occupied,2026-09-18T15:05:20.272027+00:00,224,car,0.5601133108139038,412,45.00025939941406,319.26287841796875,82.57775115966797,336.61822509765625
2026-09-18T15:12:17.278490+00:00,spot_15,Spot 15,Empty,2026-09-18T14:09:19.751330+00:00,,,,,,,,
2026-09-18T15:12:17.278490+00:00,spot_16,Spot 16,Empty,2026-09-18T14:20:17.012809+00:00,,,,,,,,
2026-09-18T15:12:17.278490+00:00,spot_17,Spot 17,Empty,2026-09-17T18:54:59.211881+00:00,,,,,,,,
2026-09-18T15:13:16.567297+00:00,spot_1,Spot 1,Occupied,2026-09-18T14:59:19.059764+00:00,219,car,0.7650469541549683,836,575.7127685546875,314.28179931640625,614.3951416015625,359.08197021484375
2026-09-18T15:13:16.567297+00:00,spot_2,Spot 2,Empty,2026-09-18T14:45:18.404551+00:00,,,,,,,,
2026-09-18T15:13:16.567297+00:00,spot_3,Spot 3,Occupied,2026-09-18T14:25:19.764755+00:00,205,car,0.8063048124313354,2933,447.0518798828125,318.7211608886719,504.6605224609375,368.0169372558594
2026-09-18T15:13:16.567297+00:00,spot_4,Spot 4,Occupied,2026-09-18T14:45:18.404551+00:00,213,car,0.8712384700775146,1670,390.4834899902344,324.13787841796875,448.4604797363281,363.31475830078125
2026-09-18T15:13:16.567297+00:00,spot_5,Spot 5,Occupied,2026-09-18T14:25:19.764755+00:00,206,car,0.851376473903656,2867,350.7634582519531,326.2109375,397.1605529785156,360.563232421875
2026-09-18T15:13:16.567297+00:00,spot_6,Spot 6,Occupied,2026-09-18T13:29:15.996818+00:00,182,car,0.7281060814857483,6242,283.7968444824219,320.8983154296875,352.4678039550781,368.37725830078125
2026-09-18T15:13:16.567297+00:00,spot_7,Spot 7,Occupied,2026-09-18T13:56:26.319863+00:00,192,car,0.8192976117134094,4608,254.66189575195312,317.56494140625,305.4833068847656,358.0712890625
2026-09-18T15:13:16.567297+00:00,spot_8,Spot 8,Occupied,2026-09-18T15:04:12.803452+00:00,222,car,0.840971827507019,541,195.56552124023438,327.53228759765625,255.19189453125,352.66729736328125
2026-09-18T15:13:16.567297+00:00,spot_9,Spot 9,Occupied,2026-09-18T14:50:24.799919+00:00,215,car,0.6320040822029114,1357,145.28599548339844,313.0058898925781,224.21922302246094,353.7140808105469
2026-09-18T15:13:16.567297+00:00,spot_10,Spot 10,Empty,2026-09-18T14:44:17.635162+00:00,,,,,,,,
2026-09-18T15:13:16.567297+00:00,spot_11,Spot 11,Occupied,2026-09-18T13:29:15.996818+00:00,183,car,0.5472696423530579,6242,117.57778930664062,323.23638916015625,159.6314697265625,345.389892578125
2026-09-18T15:13:16.567297+00:00,spot_12,Spot 12,Occupied,2026-09-18T15:11:19.040142+00:00,225,car,0.4460473954677582,116,93.88592529296875,318.86175537109375,129.67965698242188,343.16375732421875
2026-09-18T15:13:16.567297+00:00,spot_13,Spot 13,Empty,2026-09-18T00:56:19.559398+00:00,,,,,,,,
2026-09-18T15:13:16.567297+00:00,spot_14,Spot 14,Occupied,2026-09-18T15:05:20.272027+00:00,224,car,0.3955976665019989,468,47.34864044189453,318.92903900146484,81.64558410644531,336.31275939941406
2026-09-18T15:13:16.567297+00:00,spot_15,Spot 15,Empty,2026-09-18T14:09:19.751330+00:00,,,,,,,,
2026-09-18T15:13:16.567297+00:00,spot_16,Spot 16,Occupied,2026-09-18T15:13:16.567297+00:00,226,car,0.39970704913139343,0,17.379058837890625,315.5747985839844,50.691932678222656,336.3005676269531
2026-09-18T15:13:16.567297+00:00,spot_17,Spot 17,Empty,2026-09-17T18:54:59.211881+00:00,,,,,,,,
2026-09-18T15:14:16.758451+00:00,spot_1,Spot 1,Occupied,2026-09-18T14:59:19.059764+00:00,219,car,0.861219584941864,899,575.549560546875,313.21240234375,614.9501953125,359.5172119140625
2026-09-18T15:14:16.758451+00:00,spot_2,Spot 2,Empty,2026-09-18T14:45:18.404551+00:00,,,,,,,,
2026-09-18T15:14:16.758451+00:00,spot_3,Spot 3,Occupied,2026-09-18T14:25:19.764755+00:00,205,car,0.7502985596656799,2997,447.7356872558594,326.4217529296875,500.6754455566406,368.3065185546875
2026-09-18T15:14:16.758451+00:00,spot_4,Spot 4,Occupied,2026-09-18T14:45:18.404551+00:00,213,car,0.7787939310073853,1733,390.3945007324219,323.93212890625,448.2857360839844,363.82275390625
2026-09-18T15:14:16.758451+00:00,spot_5,Spot 5,Occupied,2026-09-18T14:25:19.764755+00:00,206,car,0.8768885731697083,2931,350.62139892578125,325.93902587890625,396.85552978515625,360.93310546875
2026-09-18T15:14:16.758451+00:00,spot_6,Spot 6,Occupied,2026-09-18T13:29:15.996818+00:00,182,car,0.7895548939704895,6305,283.8366394042969,320.7288818359375,352.6354064941406,368.33746337890625
2026-09-18T15:14:16.758451+00:00,spot_7,Spot 7,Occupied,2026-09-18T13:56:26.319863+00:00,192,car,0.7769784331321716,4671,254.57138061523438,317.9745788574219,307.7912902832031,357.9927062988281
2026-09-18T15:14:16.758451+00:00,spot_8,Spot 8,Occupied,2026-09-18T15:04:12.803452+00:00,222,car,0.7823048233985901,604,195.86459350585938,327.2203063964844,254.90695190429688,352.9667663574219
2026-09-18T15:14:16.758451+00:00,spot_9,Spot 9,Occupied,2026-09-18T14:50:24.799919+00:00,215,truck,0.481557160615921,1421,156.152099609375,313.02362060546875,226.4093017578125,353.42218017578125
2026-09-18T15:14:16.758451+00:00,spot_10,Spot 10,Empty,2026-09-18T14:44:17.635162+00:00,,,,,,,,
2026-09-18T15:14:16.758451+00:00,spot_11,Spot 11,Occupied,2026-09-18T13:29:15.996818+00:00,183,truck,0.7156769037246704,6305,95.43266296386719,332.5608215332031,163.11720275878906,379.3028259277344
2026-09-18T15:14:16.758451+00:00,spot_12,Spot 12,Empty,2026-09-18T15:14:16.758451+00:00,,,,,,,,
2026-09-18T15:14:16.758451+00:00,spot_13,Spot 13,Empty,2026-09-18T00:56:19.559398+00:00,,,,,,,,
2026-09-18T15:14:16.758451+00:00,spot_14,Spot 14,Occupied,2026-09-18T15:05:20.272027+00:00,224,truck,0.5306333899497986,532,44.49226760864258,329.7538757324219,97.77275085449219,367.5027770996094
2026-09-18T15:14:16.758451+00:00,spot_15,Spot 15,Empty,2026-09-18T14:09:19.751330+00:00,,,,,,,,
2026-09-18T15:14:16.758451+00:00,spot_16,Spot 16,Occupied,2026-09-18T15:13:16.567297+00:00,226,car,0.45634397864341736,63,15.968749046325684,315.0945739746094,47.762107849121094,335.7367248535156
2026-09-18T15:14:16.758451+00:00,spot_17,Spot 17,Empty,2026-09-17T18:54:59.211881+00:00,,,,,,,,
2026-09-18T15:15:20.927395+00:00,spot_1,Spot 1,Occupied,2026-09-18T14:59:19.059764+00:00,219,car,0.7740787863731384,969,575.5263671875,313.04571533203125,614.93408203125,357.90350341796875
2026-09-18T15:15:20.927395+00:00,spot_2,Spot 2,Empty,2026-09-18T14:45:18.404551+00:00,,,,,,,,
2026-09-18T15:15:20.927395+00:00,spot_3,Spot 3,Occupied,2026-09-18T14:25:19.764755+00:00,205,car,0.8417680263519287,3066,447.30316162109375,326.59906005859375,498.22589111328125,368.27740478515625
2026-09-18T15:15:20.927395+00:00,spot_4,Spot 4,Occupied,2026-09-18T14:45:18.404551+00:00,213,car,0.8843764066696167,1802,390.4146423339844,324.3193054199219,447.7795104980469,363.6319274902344
2026-09-18T15:15:20.927395+00:00,spot_5,Spot 5,Occupied,2026-09-18T14:25:19.764755+00:00,206,car,0.870876133441925,3000,350.712646484375,325.7154541015625,396.1998291015625,360.6976318359375
2026-09-18T15:15:20.927395+00:00,spot_6,Spot 6,Occupied,2026-09-18T13:29:15.996818+00:00,182,car,0.8507254719734192,6374,283.8687438964844,320.85443115234375,352.8482360839844,368.22467041015625
2026-09-18T15:15:20.927395+00:00,spot_7,Spot 7,Occupied,2026-09-18T13:56:26.319863+00:00,192,car,0.8031003475189209,4740,254.89263916015625,318.11541748046875,305.14178466796875,358.21661376953125
2026-09-18T15:15:20.927395+00:00,spot_8,Spot 8,Occupied,2026-09-18T15:04:12.803452+00:00,222,car,0.7868749499320984,674,195.60287475585938,326.9196472167969,255.65170288085938,353.1768493652344
2026-09-18T15:15:20.927395+00:00,spot_9,Spot 9,Occupied,2026-09-18T14:50:24.799919+00:00,215,car,0.5773925185203552,1490,146.90472412109375,313.3177795410156,226.38092041015625,353.5584411621094
2026-09-18T15:15:20.927395+00:00,spot_10,Spot 10,Empty,2026-09-18T14:44:17.635162+00:00,,,,,,,,
2026-09-18T15:15:20.927395+00:00,spot_11,Spot 11,Occupied,2026-09-18T13:29:15.996818+00:00,183,car,0.6978530883789062,6374,115.30204772949219,322.8553466796875,158.0860137939453,345.697998046875
2026-09-18T15:15:20.927395+00:00,spot_12,Spot 12,Occupied,2026-09-18T15:15:20.927395+00:00,227,car,0.6818521618843079,0,93.52604675292969,318.83453369140625,129.0325927734375,343.25372314453125
2026-09-18T15:15:20.927395+00:00,spot_13,Spot 13,Empty,2026-09-18T00:56:19.559398+00:00,,,,,,,,
2026-09-18T15:15:20.927395+00:00,spot_14,Spot 14,Occupied,2026-09-18T15:05:20.272027+00:00,224,car,0.6090816855430603,601,46.14970779418945,318.9305725097656,83.58882141113281,337.0791931152344
2026-09-18T15:15:20.927395+00:00,spot_15,Spot 15,Empty,2026-09-18T14:09:19.751330+00:00,,,,,,,,
2026-09-18T15:15:20.927395+00:00,spot_16,Spot 16,Occupied,2026-09-18T15:13:16.567297+00:00,226,car,0.49303528666496277,132,19.95166778564453,314.9793701171875,55.087158203125,336.1461181640625
2026-09-18T15:15:20.927395+00:00,spot_17,Spot 17,Empty,2026-09-17T18:54:59.211881+00:00,,,,,,,,
2026-09-18T15:16:25.366124+00:00,spot_1,Spot 1,Occupied,2026-09-18T14:59:19.059764+00:00,219,car,0.6212533116340637,1033,575.6082763671875,312.93475341796875,614.6741943359375,358.85919189453125
2026-09-18T15:16:25.366124+00:00,spot_2,Spot 2,Empty,2026-09-18T14:45:18.404551+00:00,,,,,,,,
2026-09-18T15:16:25.366124+00:00,spot_3,Spot 3,Occupied,2026-09-18T14:25:19.764755+00:00,205,car,0.7544612288475037,3130,447.25103759765625,318.6098937988281,504.482421875,368.9574279785156
2026-09-18T15:16:25.366124+00:00,spot_4,Spot 4,Occupied,2026-09-18T14:45:18.404551+00:00,213,car,0.868882954120636,1866,390.33245849609375,323.6883544921875,448.10772705078125,363.4234619140625
2026-09-18T15:16:25.366124+00:00,spot_5,Spot 5,Occupied,2026-09-18T14:25:19.764755+00:00,206,car,0.8731170296669006,3064,350.86322021484375,326.669189453125,396.71734619140625,360.7451171875
2026-09-18T15:16:25.366124+00:00,spot_6,Spot 6,Occupied,2026-09-18T13:29:15.996818+00:00,182,car,0.7606445550918579,6438,284.15093994140625,321.2571716308594,353.17169189453125,368.4349670410156
2026-09-18T15:16:25.366124+00:00,spot_7,Spot 7,Occupied,2026-09-18T13:56:26.319863+00:00,192,car,0.7861927151679993,4804,254.73291015625,318.503662109375,304.364990234375,358.6844482421875
2026-09-18T15:16:25.366124+00:00,spot_8,Spot 8,Occupied,2026-09-18T15:04:12.803452+00:00,222,car,0.8253631591796875,738,194.97006225585938,327.3393859863281,254.75003051757812,352.9608459472656
2026-09-18T15:16:25.366124+00:00,spot_9,Spot 9,Occupied,2026-09-18T14:50:24.799919+00:00,215,car,0.6123816967010498,1554,146.77255249023438,313.1931610107422,219.9515838623047,353.19972229003906
2026-09-18T15:16:25.366124+00:00,spot_10,Spot 10,Empty,2026-09-18T14:44:17.635162+00:00,,,,,,,,
2026-09-18T15:16:25.366124+00:00,spot_11,Spot 11,Occupied,2026-09-18T13:29:15.996818+00:00,183,car,0.7066882252693176,6438,116.50228881835938,322.10943603515625,160.34841918945312,345.3604736328125
2026-09-18T15:16:25.366124+00:00,spot_12,Spot 12,Occupied,2026-09-18T15:15:20.927395+00:00,227,car,0.6900302171707153,64,93.26473999023438,319.0205078125,129.29493713378906,343.069580078125
2026-09-18T15:16:25.366124+00:00,spot_13,Spot 13,Empty,2026-09-18T00:56:19.559398+00:00,,,,,,,,
2026-09-18T15:16:25.366124+00:00,spot_14,Spot 14,Occupied,2026-09-18T15:05:20.272027+00:00,224,car,0.35889002680778503,665,47.368839263916016,319.44635009765625,83.50143432617188,336.7491455078125
2026-09-18T15:16:25.366124+00:00,spot_15,Spot 15,Empty,2026-09-18T14:09:19.751330+00:00,,,,,,,,
2026-09-18T15:16:25.366124+00:00,spot_16,Spot 16,Occupied,2026-09-18T15:13:16.567297+00:00,226,car,0.515717089176178,196,18.20692253112793,315.27532958984375,48.73771667480469,336.01556396484375
2026-09-18T15:16:25.366124+00:00,spot_17,Spot 17,Empty,2026-09-17T18:54:59.211881+00:00,,,,,,,,
2026-09-18T15:17:15.682822+00:00,spot_1,Spot 1,Occupied,2026-09-18T14:59:19.059764+00:00,219,car,0.6212533116340637,1075,575.6082763671875,312.93475341796875,614.6741943359375,358.85919189453125
2026-09-18T15:17:15.682822+00:00,spot_2,Spot 2,Empty,2026-09-18T14:45:18.404551+00:00,,,,,,,,
2026-09-18T15:17:15.682822+00:00,spot_3,Spot 3,Occupied,2026-09-18T14:25:19.764755+00:00,205,car,0.7544612288475037,3172,447.25103759765625,318.6098937988281,504.482421875,368.9574279785156
2026-09-18T15:17:15.682822+00:00,spot_4,Spot 4,Occupied,2026-09-18T14:45:18.404551+00:00,213,car,0.868882954120636,1909,390.33245849609375,323.6883544921875,448.10772705078125,363.4234619140625
2026-09-18T15:17:15.682822+00:00,spot_5,Spot 5,Occupied,2026-09-18T14:25:19.764755+00:00,206,car,0.8731170296669006,3106,350.86322021484375,326.669189453125,396.71734619140625,360.7451171875
2026-09-18T15:17:15.682822+00:00,spot_6,Spot 6,Occupied,2026-09-18T13:29:15.996818+00:00,182,car,0.7606445550918579,6480,284.15093994140625,321.2571716308594,353.17169189453125,368.4349670410156
2026-09-18T15:17:15.682822+00:00,spot_7,Spot 7,Occupied,2026-09-18T13:56:26.319863+00:00,192,car,0.7861927151679993,4846,254.73291015625,318.503662109375,304.364990234375,358.6844482421875
2026-09-18T15:17:15.682822+00:00,spot_8,Spot 8,Occupied,2026-09-18T15:04:12.803452+00:00,222,car,0.8253631591796875,780,194.97006225585938,327.3393859863281,254.75003051757812,352.9608459472656
2026-09-18T15:17:15.682822+00:00,spot_9,Spot 9,Occupied,2026-09-18T14:50:24.799919+00:00,215,car,0.6123816967010498,1596,146.77255249023438,313.1931610107422,219.9515838623047,353.19972229003906
2026-09-18T15:17:15.682822+00:00,spot_10,Spot 10,Empty,2026-09-18T14:44:17.635162+00:00,,,,,,,,
2026-09-18T15:17:15.682822+00:00,spot_11,Spot 11,Occupied,2026-09-18T13:29:15.996818+00:00,183,car,0.7066882252693176,6480,116.50228881835938,322.10943603515625,160.34841918945312,345.3604736328125
2026-09-18T15:17:15.682822+00:00,spot_12,Spot 12,Occupied,2026-09-18T15:15:20.927395+00:00,227,car,0.6900302171707153,106,93.26473999023438,319.0205078125,129.29493713378906,343.069580078125
2026-09-18T15:17:15.682822+00:00,spot_13,Spot 13,Empty,2026-09-18T00:56:19.559398+00:00,,,,,,,,
2026-09-18T15:17:15.682822+00:00,spot_14,Spot 14,Occupied,2026-09-18T15:05:20.272027+00:00,224,car,0.35889002680778503,707,47.368839263916016,319.44635009765625,83.50143432617188,336.7491455078125
2026-09-18T15:17:15.682822+00:00,spot_15,Spot 15,Empty,2026-09-18T14:09:19.751330+00:00,,,,,,,,
2026-09-18T15:17:15.682822+00:00,spot_16,Spot 16,Occupied,2026-09-18T15:13:16.567297+00:00,226,car,0.515717089176178,238,18.20692253112793,315.27532958984375,48.73771667480469,336.01556396484375
2026-09-18T15:17:15.682822+00:00,spot_17,Spot 17,Empty,2026-09-17T18:54:59.211881+00:00,,,,,,,,
2026-09-18T15:18:15.839671+00:00,spot_1,Spot 1,Occupied,2026-09-18T14:59:19.059764+00:00,219,car,0.8340633511543274,1138,575.4249267578125,313.03521728515625,615.5845947265625,357.81524658203125
2026-09-18T15:18:15.839671+00:00,spot_2,Spot 2,Empty,2026-09-18T14:45:18.404551+00:00,,,,,,,,
2026-09-18T15:18:15.839671+00:00,spot_3,Spot 3,Occupied,2026-09-18T14:25:19.764755+00:00,205,car,0.7353665232658386,3235,447.49420166015625,316.7431640625,504.09747314453125,368.181884765625
2026-09-18T15:18:15.839671+00:00,spot_4,Spot 4,Occupied,2026-09-18T14:45:18.404551+00:00,213,car,0.8499830961227417,1972,390.2634582519531,323.74737548828125,448.1772155761719,363.94573974609375
2026-09-18T15:18:15.839671+00:00,spot_5,Spot 5,Occupied,2026-09-18T14:25:19.764755+00:00,206,car,0.8592547178268433,3170,351.0040283203125,325.6356201171875,396.6728515625,360.6953125
2026-09-18T15:18:15.839671+00:00,spot_6,Spot 6,Occupied,2026-09-18T13:29:15.996818+00:00,182,truck,0.5302937626838684,6544,284.1086120605469,320.81182861328125,353.5039978027344,368.21038818359375
2026-09-18T15:18:15.839671+00:00,spot_7,Spot 7,Occupied,2026-09-18T13:56:26.319863+00:00,192,car,0.6653914451599121,4910,254.67303466796875,317.72064208984375,302.21466064453125,358.31500244140625
2026-09-18T15:18:15.839671+00:00,spot_8,Spot 8,Occupied,2026-09-18T15:04:12.803452+00:00,222,car,0.8616328239440918,843,195.5238800048828,327.4160614013672,246.81805419921875,352.4960174560547
2026-09-18T15:18:15.839671+00:00,spot_9,Spot 9,Occupied,2026-09-18T14:50:24.799919+00:00,215,car,0.557375967502594,1660,146.64453125,313.3562316894531,224.58688354492188,353.3606262207031
2026-09-18T15:18:15.839671+00:00,spot_10,Spot 10,Empty,2026-09-18T14:44:17.635162+00:00,,,,,,,,
2026-09-18T15:18:15.839671+00:00,spot_11,Spot 11,Occupied,2026-09-18T13:29:15.996818+00:00,183,car,0.5148634314537048,6544,117.97891235351562,324.03485107421875,157.63916015625,345.50152587890625
2026-09-18T15:18:15.839671+00:00,spot_12,Spot 12,Occupied,2026-09-18T15:15:20.927395+00:00,227,car,0.5510419607162476,169,94.27204895019531,318.8765563964844,126.35173034667969,342.8880920410156
2026-09-18T15:18:15.839671+00:00,spot_13,Spot 13,Empty,2026-09-18T00:56:19.559398+00:00,,,,,,,,
2026-09-18T15:18:15.839671+00:00,spot_14,Spot 14,Occupied,2026-09-18T15:05:20.272027+00:00,224,car,0.5985042452812195,771,46.87690734863281,319.4288330078125,83.73448181152344,336.91082763671875
2026-09-18T15:18:15.839671+00:00,spot_15,Spot 15,Empty,2026-09-18T14:09:19.751330+00:00,,,,,,,,
2026-09-18T15:18:15.839671+00:00,spot_16,Spot 16,Occupied,2026-09-18T15:13:16.567297+00:00,226,car,0.5010254383087158,302,16.6929931640625,314.7129135131836,48.083251953125,329.99998474121094
2026-09-18T15:18:15.839671+00:00,spot_17,Spot 17,Empty,2026-09-17T18:54:59.211881+00:00,,,,,,,,
2026-09-18T15:19:18.429785+00:00,spot_1,Spot 1,Occupied,2026-09-18T14:59:19.059764+00:00,219,car,0.6148753762245178,1199,575.48095703125,312.8216857910156,615.2666015625,359.6284484863281
2026-09-18T15:19:18.429785+00:00,spot_2,Spot 2,Empty,2026-09-18T14:45:18.404551+00:00,,,,,,,,
2026-09-18T15:19:18.429785+00:00,spot_3,Spot 3,Occupied,2026-09-18T14:25:19.764755+00:00,205,car,0.7427937984466553,3296,447.2998046875,318.2173767089844,503.904541015625,368.4964904785156
2026-09-18T15:19:18.429785+00:00,spot_4,Spot 4,Occupied,2026-09-18T14:45:18.404551+00:00,213,car,0.8816331624984741,2033,390.38800048828125,323.81817626953125,448.27081298828125,363.89923095703125
2026-09-18T15:19:18.429785+00:00,spot_5,Spot 5,Occupied,2026-09-18T14:25:19.764755+00:00,206,car,0.8474713563919067,3230,350.3330078125,326.87713623046875,397.3353271484375,360.733642578125
2026-09-18T15:19:18.429785+00:00,spot_6,Spot 6,Occupied,2026-09-18T13:29:15.996818+00:00,182,car,0.699979305267334,6604,283.89874267578125,320.740966796875,354.30340576171875,367.9326171875
2026-09-18T15:19:18.429785+00:00,spot_7,Spot 7,Occupied,2026-09-18T13:56:26.319863+00:00,192,car,0.714726448059082,4970,254.6978759765625,317.99835205078125,304.96246337890625,357.91009521484375
2026-09-18T15:19:18.429785+00:00,spot_8,Spot 8,Occupied,2026-09-18T15:04:12.803452+00:00,222,car,0.8136234283447266,904,196.08651733398438,327.2704849243164,246.83636474609375,352.764404296875
2026-09-18T15:19:18.429785+00:00,spot_9,Spot 9,Occupied,2026-09-18T14:50:24.799919+00:00,215,truck,0.6182140111923218,1720,146.2801971435547,313.470458984375,223.6105194091797,353.9896240234375
2026-09-18T15:19:18.429785+00:00,spot_10,Spot 10,Empty,2026-09-18T14:44:17.635162+00:00,,,,,,,,
2026-09-18T15:19:18.429785+00:00,spot_11,Spot 11,Occupied,2026-09-18T13:29:15.996818+00:00,183,car,0.7156569361686707,6604,116.79022216796875,322.7489013671875,160.47698974609375,345.3916015625
2026-09-18T15:19:18.429785+00:00,spot_12,Spot 12,Occupied,2026-09-18T15:15:20.927395+00:00,227,car,0.6006807088851929,230,93.46809387207031,318.932373046875,130.75686645507812,342.8101806640625
2026-09-18T15:19:18.429785+00:00,spot_13,Spot 13,Empty,2026-09-18T00:56:19.559398+00:00,,,,,,,,
2026-09-18T15:19:18.429785+00:00,spot_14,Spot 14,Occupied,2026-09-18T15:05:20.272027+00:00,224,car,0.5514211058616638,831,46.873016357421875,319.08135986328125,83.62713623046875,336.83343505859375
2026-09-18T15:19:18.429785+00:00,spot_15,Spot 15,Empty,2026-09-18T14:09:19.751330+00:00,,,,,,,,
2026-09-18T15:19:18.429785+00:00,spot_16,Spot 16,Occupied,2026-09-18T15:13:16.567297+00:00,226,car,0.6665894389152527,362,18.501480102539062,315.0054702758789,48.59101486206055,329.3852996826172
2026-09-18T15:19:18.429785+00:00,spot_17,Spot 17,Empty,2026-09-17T18:54:59.211881+00:00,,,,,,,,
2026-09-18T15:20:24.121559+00:00,spot_1,Spot 1,Occupied,2026-09-18T14:59:19.059764+00:00,219,car,0.7924560904502869,1276,575.5435791015625,312.6933288574219,615.5281982421875,358.6450500488281
2026-09-18T15:20:24.121559+00:00,spot_2,Spot 2,Empty,2026-09-18T14:45:18.404551+00:00,,,,,,,,
2026-09-18T15:20:24.121559+00:00,spot_3,Spot 3,Occupied,2026-09-18T14:25:19.764755+00:00,205,car,0.7808647155761719,3373,447.50408935546875,318.13226318359375,502.85198974609375,368.19024658203125
2026-09-18T15:20:24.121559+00:00,spot_4,Spot 4,Occupied,2026-09-18T14:45:18.404551+00:00,213,car,0.8608669638633728,2110,390.3180847167969,323.90771484375,448.3679504394531,364.522216796875
2026-09-18T15:20:24.121559+00:00,spot_5,Spot 5,Occupied,2026-09-18T14:25:19.764755+00:00,206,car,0.8361173868179321,3308,350.56268310546875,326.3691101074219,395.59625244140625,360.7030944824219
2026-09-18T15:20:24.121559+00:00,spot_6,Spot 6,Occupied,2026-09-18T13:29:15.996818+00:00,182,car,0.8279964923858643,6682,283.86065673828125,320.77734375,354.56915283203125,368.33575439453125
2026-09-18T15:20:24.121559+00:00,spot_7,Spot 7,Occupied,2026-09-18T13:56:26.319863+00:00,192,car,0.8203927874565125,5048,255.04718017578125,317.629150390625,305.52294921875,357.9439697265625
2026-09-18T15:20:24.121559+00:00,spot_8,Spot 8,Occupied,2026-09-18T15:04:12.803452+00:00,222,car,0.8346683979034424,981,195.420654296875,326.9434814453125,256.08367919921875,352.6123046875
2026-09-18T15:20:24.121559+00:00,spot_9,Spot 9,Occupied,2026-09-18T14:50:24.799919+00:00,215,car,0.7567775249481201,1798,146.35595703125,313.33935546875,226.16207885742188,353.810791015625
2026-09-18T15:20:24.121559+00:00,spot_10,Spot 10,Empty,2026-09-18T14:44:17.635162+00:00,,,,,,,,
2026-09-18T15:20:24.121559+00:00,spot_11,Spot 11,Occupied,2026-09-18T13:29:15.996818+00:00,183,car,0.756141722202301,6682,117.21072387695312,322.2372741699219,159.39700317382812,345.4419250488281
2026-09-18T15:20:24.121559+00:00,spot_12,Spot 12,Occupied,2026-09-18T15:15:20.927395+00:00,227,car,0.7009973526000977,307,93.43040466308594,319.1912841796875,129.42266845703125,342.9598388671875
2026-09-18T15:20:24.121559+00:00,spot_13,Spot 13,Empty,2026-09-18T00:56:19.559398+00:00,,,,,,,,
2026-09-18T15:20:24.121559+00:00,spot_14,Spot 14,Occupied,2026-09-18T15:05:20.272027+00:00,224,car,0.4017210602760315,909,47.122772216796875,318.87017822265625,83.51618957519531,336.73565673828125
2026-09-18T15:20:24.121559+00:00,spot_15,Spot 15,Empty,2026-09-18T14:09:19.751330+00:00,,,,,,,,
2026-09-18T15:20:24.121559+00:00,spot_16,Spot 16,Occupied,2026-09-18T15:13:16.567297+00:00,226,car,0.39923280477523804,440,21.11590576171875,314.6898193359375,48.59764099121094,332.75921630859375
2026-09-18T15:20:24.121559+00:00,spot_17,Spot 17,Empty,2026-09-17T18:54:59.211881+00:00,,,,,,,,
2026-09-18T15:21:35.380901+00:00,spot_1,Spot 1,Occupied,2026-09-18T14:59:19.059764+00:00,219,car,0.846505343914032,1335,575.2166137695312,313.3016357421875,615.2754516601562,358.6376953125
2026-09-18T15:21:35.380901+00:00,spot_2,Spot 2,Empty,2026-09-18T14:45:18.404551+00:00,,,,,,,,
2026-09-18T15:21:35.380901+00:00,spot_3,Spot 3,Occupied,2026-09-18T14:25:19.764755+00:00,205,car,0.8332083821296692,3432,447.5118408203125,325.939697265625,499.755126953125,369.35205078125
2026-09-18T15:21:35.380901+00:00,spot_4,Spot 4,Occupied,2026-09-18T14:45:18.404551+00:00,213,car,0.8564574122428894,2168,390.1683349609375,324.0747375488281,448.1365966796875,363.6708679199219
2026-09-18T15:21:35.380901+00:00,spot_5,Spot 5,Occupied,2026-09-18T14:25:19.764755+00:00,206,car,0.8773654699325562,3366,349.58099365234375,325.67877197265625,397.20843505859375,360.800048828125
2026-09-18T15:21:35.380901+00:00,spot_6,Spot 6,Occupied,2026-09-18T13:29:15.996818+00:00,182,car,0.7698570489883423,6740,283.9471435546875,320.9164123535156,354.0003662109375,368.2418518066406
2026-09-18T15:21:35.380901+00:00,spot_7,Spot 7,Occupied,2026-09-18T13:56:26.319863+00:00,192,car,0.8572439551353455,5106,254.95431518554688,317.56292724609375,304.4855041503906,358.29498291015625
2026-09-18T15:21:35.380901+00:00,spot_8,Spot 8,Occupied,2026-09-18T15:04:12.803452+00:00,222,car,0.8616144061088562,1040,195.36349487304688,327.48199462890625,255.51382446289062,352.80389404296875
2026-09-18T15:21:35.380901+00:00,spot_9,Spot 9,Occupied,2026-09-18T14:50:24.799919+00:00,215,car,0.6201106309890747,1856,146.0521240234375,313.150634765625,223.75091552734375,353.71240234375
2026-09-18T15:21:35.380901+00:00,spot_10,Spot 10,Empty,2026-09-18T14:44:17.635162+00:00,,,,,,,,
2026-09-18T15:21:35.380901+00:00,spot_11,Spot 11,Occupied,2026-09-18T13:29:15.996818+00:00,183,car,0.693371593952179,6740,117.71646881103516,322.97515869140625,158.95162963867188,345.42425537109375
2026-09-18T15:21:35.380901+00:00,spot_12,Spot 12,Occupied,2026-09-18T15:15:20.927395+00:00,227,car,0.7397820949554443,366,93.52511596679688,319.3157958984375,126.40762329101562,343.04248046875
2026-09-18T15:21:35.380901+00:00,spot_13,Spot 13,Empty,2026-09-18T00:56:19.559398+00:00,,,,,,,,
2026-09-18T15:21:35.380901+00:00,spot_14,Spot 14,Occupied,2026-09-18T15:05:20.272027+00:00,224,car,0.5072235465049744,967,46.96424865722656,318.90960693359375,82.96205139160156,336.90997314453125
2026-09-18T15:21:35.380901+00:00,spot_15,Spot 15,Empty,2026-09-18T14:09:19.751330+00:00,,,,,,,,
2026-09-18T15:21:35.380901+00:00,spot_16,Spot 16,Occupied,2026-09-18T15:13:16.567297+00:00,226,car,0.5467256307601929,498,19.66796875,314.98541259765625,48.086082458496094,335.90191650390625
2026-09-18T15:21:35.380901+00:00,spot_17,Spot 17,Empty,2026-09-17T18:54:59.211881+00:00,,,,,,,,
2026-09-18T15:22:19.689442+00:00,spot_1,Spot 1,Occupied,2026-09-18T14:59:19.059764+00:00,219,car,0.846505343914032,1382,575.2166137695312,313.3016357421875,615.2754516601562,358.6376953125
2026-09-18T15:22:19.689442+00:00,spot_2,Spot 2,Empty,2026-09-18T14:45:18.404551+00:00,,,,,,,,
2026-09-18T15:22:19.689442+00:00,spot_3,Spot 3,Occupied,2026-09-18T14:25:19.764755+00:00,205,car,0.8332083821296692,3479,447.5118408203125,325.939697265625,499.755126953125,369.35205078125
2026-09-18T15:22:19.689442+00:00,spot_4,Spot 4,Occupied,2026-09-18T14:45:18.404551+00:00,213,car,0.8564574122428894,2215,390.1683349609375,324.0747375488281,448.1365966796875,363.6708679199219
2026-09-18T15:22:19.689442+00:00,spot_5,Spot 5,Occupied,2026-09-18T14:25:19.764755+00:00,206,car,0.8773654699325562,3413,349.58099365234375,325.67877197265625,397.20843505859375,360.800048828125
2026-09-18T15:22:19.689442+00:00,spot_6,Spot 6,Occupied,2026-09-18T13:29:15.996818+00:00,182,car,0.7698570489883423,6787,283.9471435546875,320.9164123535156,354.0003662109375,368.2418518066406
2026-09-18T15:22:19.689442+00:00,spot_7,Spot 7,Occupied,2026-09-18T13:56:26.319863+00:00,192,car,0.8572439551353455,5153,254.95431518554688,317.56292724609375,304.4855041503906,358.29498291015625
2026-09-18T15:22:19.689442+00:00,spot_8,Spot 8,Occupied,2026-09-18T15:04:12.803452+00:00,222,car,0.8616144061088562,1087,195.36349487304688,327.48199462890625,255.51382446289062,352.80389404296875
2026-09-18T15:22:19.689442+00:00,spot_9,Spot 9,Occupied,2026-09-18T14:50:24.799919+00:00,215,car,0.6201106309890747,1903,146.0521240234375,313.150634765625,223.75091552734375,353.71240234375
2026-09-18T15:22:19.689442+00:00,spot_10,Spot 10,Empty,2026-09-18T14:44:17.635162+00:00,,,,,,,,
2026-09-18T15:22:19.689442+00:00,spot_11,Spot 11,Occupied,2026-09-18T13:29:15.996818+00:00,183,car,0.693371593952179,6787,117.71646881103516,322.97515869140625,158.95162963867188,345.42425537109375
2026-09-18T15:22:19.689442+00:00,spot_12,Spot 12,Occupied,2026-09-18T15:15:20.927395+00:00,227,car,0.7397820949554443,413,93.52511596679688,319.3157958984375,126.40762329101562,343.04248046875
2026-09-18T15:22:19.689442+00:00,spot_13,Spot 13,Empty,2026-09-18T00:56:19.559398+00:00,,,,,,,,
2026-09-18T15:22:19.689442+00:00,spot_14,Spot 14,Occupied,2026-09-18T15:05:20.272027+00:00,224,car,0.5072235465049744,1014,46.96424865722656,318.90960693359375,82.96205139160156,336.90997314453125
2026-09-18T15:22:19.689442+00:00,spot_15,Spot 15,Empty,2026-09-18T14:09:19.751330+00:00,,,,,,,,
2026-09-18T15:22:19.689442+00:00,spot_16,Spot 16,Occupied,2026-09-18T15:13:16.567297+00:00,226,car,0.5467256307601929,545,19.66796875,314.98541259765625,48.086082458496094,335.90191650390625
2026-09-18T15:22:19.689442+00:00,spot_17,Spot 17,Empty,2026-09-17T18:54:59.211881+00:00,,,,,,,,
2026-09-18T15:23:15.146390+00:00,spot_1,Spot 1,Occupied,2026-09-18T14:59:19.059764+00:00,219,car,0.716159462928772,1435,575.6182861328125,312.7093505859375,614.7139892578125,358.01513671875
2026-09-18T15:23:15.146390+00:00,spot_2,Spot 2,Empty,2026-09-18T14:45:18.404551+00:00,,,,,,,,
2026-09-18T15:23:15.146390+00:00,spot_3,Spot 3,Occupied,2026-09-18T14:25:19.764755+00:00,205,car,0.8429738283157349,3532,446.7693786621094,318.4464111328125,504.3823547363281,368.2115478515625
2026-09-18T15:23:15.146390+00:00,spot_4,Spot 4,Occupied,2026-09-18T14:45:18.404551+00:00,213,car,0.8458144664764404,2268,390.01922607421875,323.9144287109375,448.15692138671875,363.9830322265625
2026-09-18T15:23:15.146390+00:00,spot_5,Spot 5,Occupied,2026-09-18T14:25:19.764755+00:00,206,car,0.8522537350654602,3466,349.63616943359375,326.05401611328125,396.62005615234375,361.04803466796875
2026-09-18T15:23:15.146390+00:00,spot_6,Spot 6,Occupied,2026-09-18T13:29:15.996818+00:00,182,car,0.7376313209533691,6840,284.125244140625,320.92803955078125,353.5296630859375,367.70989990234375
2026-09-18T15:23:15.146390+00:00,spot_7,Spot 7,Occupied,2026-09-18T13:56:26.319863+00:00,192,car,0.761081337928772,5206,254.85714721679688,317.58343505859375,305.1463928222656,358.21099853515625
2026-09-18T15:23:15.146390+00:00,spot_8,Spot 8,Occupied,2026-09-18T15:04:12.803452+00:00,222,car,0.8425314426422119,1140,195.75201416015625,327.53515625,255.31536865234375,353.0859375
2026-09-18T15:23:15.146390+00:00,spot_9,Spot 9,Occupied,2026-09-18T14:50:24.799919+00:00,215,car,0.5764409303665161,1956,146.7512969970703,313.43829345703125,229.1504669189453,353.1088562011719
2026-09-18T15:23:15.146390+00:00,spot_10,Spot 10,Empty,2026-09-18T14:44:17.635162+00:00,,,,,,,,
2026-09-18T15:23:15.146390+00:00,spot_11,Spot 11,Occupied,2026-09-18T13:29:15.996818+00:00,183,car,0.42668384313583374,6840,126.7222671508789,323.8359375,157.32411193847656,344.5806427001953
2026-09-18T15:23:15.146390+00:00,spot_12,Spot 12,Occupied,2026-09-18T15:15:20.927395+00:00,227,car,0.518485963344574,465,93.602783203125,319.3936767578125,126.2838134765625,343.0438232421875
2026-09-18T15:23:15.146390+00:00,spot_13,Spot 13,Empty,2026-09-18T00:56:19.559398+00:00,,,,,,,,
2026-09-18T15:23:15.146390+00:00,spot_14,Spot 14,Occupied,2026-09-18T15:05:20.272027+00:00,224,car,0.6640628576278687,1067,46.869354248046875,319.1771545410156,81.99192810058594,337.0072326660156
2026-09-18T15:23:15.146390+00:00,spot_15,Spot 15,Empty,2026-09-18T14:09:19.751330+00:00,,,,,,,,
2026-09-18T15:23:15.146390+00:00,spot_16,Spot 16,Occupied,2026-09-18T15:13:16.567297+00:00,226,car,0.6968584060668945,598,16.431373596191406,315.0915832519531,49.73841094970703,336.5122985839844
2026-09-18T15:23:15.146390+00:00,spot_17,Spot 17,Empty,2026-09-17T18:54:59.211881+00:00,,,,,,,,
2026-09-18T15:24:19.918109+00:00,spot_1,Spot 1,Occupied,2026-09-18T14:59:19.059764+00:00,219,car,0.8611807227134705,1503,575.46337890625,313.06414794921875,615.2579345703125,358.25128173828125
2026-09-18T15:24:19.918109+00:00,spot_2,Spot 2,Empty,2026-09-18T14:45:18.404551+00:00,,,,,,,,
2026-09-18T15:24:19.918109+00:00,spot_3,Spot 3,Occupied,2026-09-18T14:25:19.764755+00:00,205,car,0.7194815874099731,3600,447.0728759765625,325.605712890625,499.89410400390625,368.86517333984375
2026-09-18T15:24:19.918109+00:00,spot_4,Spot 4,Occupied,2026-09-18T14:45:18.404551+00:00,213,car,0.8512146472930908,2336,390.13800048828125,324.19049072265625,447.89764404296875,363.7276611328125
2026-09-18T15:24:19.918109+00:00,spot_5,Spot 5,Occupied,2026-09-18T14:25:19.764755+00:00,206,car,0.8460737466812134,3534,348.18939208984375,326.24127197265625,395.68780517578125,361.01910400390625
2026-09-18T15:24:19.918109+00:00,spot_6,Spot 6,Occupied,2026-09-18T13:29:15.996818+00:00,182,car,0.57701176404953,6908,283.99169921875,321.35174560546875,356.06378173828125,368.11712646484375
2026-09-18T15:24:19.918109+00:00,spot_7,Spot 7,Occupied,2026-09-18T13:56:26.319863+00:00,192,car,0.7638744711875916,5274,254.84423828125,318.39910888671875,304.125,358.24627685546875
2026-09-18T15:24:19.918109+00:00,spot_8,Spot 8,Occupied,2026-09-18T15:04:12.803452+00:00,222,car,0.8341015577316284,1208,195.33921813964844,327.3675537109375,255.27134704589844,352.8323974609375
2026-09-18T15:24:19.918109+00:00,spot_9,Spot 9,Occupied,2026-09-18T14:50:24.799919+00:00,215,car,0.7073634266853333,2024,146.0392303466797,312.2306823730469,224.44058227539062,353.0941162109375
2026-09-18T15:24:19.918109+00:00,spot_10,Spot 10,Empty,2026-09-18T14:44:17.635162+00:00,,,,,,,,
2026-09-18T15:24:19.918109+00:00,spot_11,Spot 11,Occupied,2026-09-18T13:29:15.996818+00:00,183,car,0.6700244545936584,6908,117.01693725585938,323.724609375,157.01528930664062,345.4261474609375
2026-09-18T15:24:19.918109+00:00,spot_12,Spot 12,Occupied,2026-09-18T15:15:20.927395+00:00,227,car,0.694793701171875,533,94.63121032714844,319.04241943359375,128.78834533691406,343.32586669921875
2026-09-18T15:24:19.918109+00:00,spot_13,Spot 13,Occupied,2026-09-18T15:24:19.918109+00:00,229,car,0.6733330488204956,0,68.85107421875,317.8249816894531,98.08163452148438,336.8946838378906
2026-09-18T15:24:19.918109+00:00,spot_14,Spot 14,Occupied,2026-09-18T15:05:20.272027+00:00,224,car,0.3792405426502228,1135,46.8672981262207,318.1248474121094,72.22454071044922,336.4860153198242
2026-09-18T15:24:19.918109+00:00,spot_15,Spot 15,Empty,2026-09-18T14:09:19.751330+00:00,,,,,,,,
2026-09-18T15:24:19.918109+00:00,spot_16,Spot 16,Occupied,2026-09-18T15:13:16.567297+00:00,226,car,0.5761754512786865,666,18.3608341217041,314.81591796875,49.499412536621094,335.39837646484375
2026-09-18T15:24:19.918109+00:00,spot_17,Spot 17,Empty,2026-09-17T18:54:59.211881+00:00,,,,,,,,
2026-09-18T15:25:19.102246+00:00,spot_1,Spot 1,Occupied,2026-09-18T14:59:19.059764+00:00,219,car,0.7467420101165771,1565,575.325927734375,313.32366943359375,614.314697265625,359.87078857421875
2026-09-18T15:25:19.102246+00:00,spot_2,Spot 2,Empty,2026-09-18T14:45:18.404551+00:00,,,,,,,,
2026-09-18T15:25:19.102246+00:00,spot_3,Spot 3,Occupied,2026-09-18T14:25:19.764755+00:00,205,car,0.7622265219688416,3662,447.74249267578125,326.2115478515625,502.0350341796875,368.454345703125
2026-09-18T15:25:19.102246+00:00,spot_4,Spot 4,Occupied,2026-09-18T14:45:18.404551+00:00,213,car,0.8149791359901428,2398,390.2638244628906,323.55780029296875,448.4127502441406,364.40460205078125
2026-09-18T15:25:19.102246+00:00,spot_5,Spot 5,Occupied,2026-09-18T14:25:19.764755+00:00,206,car,0.8656147122383118,3596,349.5815124511719,325.25323486328125,395.4129333496094,360.79193115234375
2026-09-18T15:25:19.102246+00:00,spot_6,Spot 6,Occupied,2026-09-18T13:29:15.996818+00:00,182,car,0.8695238828659058,6970,283.70880126953125,320.8043212890625,352.28936767578125,368.1715087890625
2026-09-18T15:25:19.102246+00:00,spot_7,Spot 7,Occupied,2026-09-18T13:56:26.319863+00:00,192,car,0.789201021194458,5336,254.90557861328125,317.82757568359375,303.93701171875,357.98004150390625
2026-09-18T15:25:19.102246+00:00,spot_8,Spot 8,Occupied,2026-09-18T15:04:12.803452+00:00,222,car,0.8363720774650574,1270,195.49154663085938,327.5079345703125,255.11880493164062,352.76708984375
2026-09-18T15:25:19.102246+00:00,spot_9,Spot 9,Occupied,2026-09-18T14:50:24.799919+00:00,215,car,0.7471998333930969,2086,147.26234436035156,315.1473388671875,224.6377716064453,353.38282775878906
2026-09-18T15:25:19.102246+00:00,spot_10,Spot 10,Empty,2026-09-18T14:44:17.635162+00:00,,,,,,,,
2026-09-18T15:25:19.102246+00:00,spot_11,Spot 11,Occupied,2026-09-18T13:29:15.996818+00:00,183,car,0.472624272108078,6970,126.97042846679688,323.8276824951172,158.78509521484375,344.62976837158203
2026-09-18T15:25:19.102246+00:00,spot_12,Spot 12,Occupied,2026-09-18T15:15:20.927395+00:00,227,car,0.5801132917404175,595,94.31736755371094,319.0165100097656,128.4513702392578,343.0871887207031
2026-09-18T15:25:19.102246+00:00,spot_13,Spot 13,Occupied,2026-09-18T15:24:19.918109+00:00,229,car,0.21966703236103058,62,75.44630432128906,318.33436584472656,104.3733901977539,336.4833755493164
2026-09-18T15:25:19.102246+00:00,spot_14,Spot 14,Occupied,2026-09-18T15:05:20.272027+00:00,224,car,0.35931405425071716,1197,93.64533996582031,328.48487854003906,113.61624145507812,342.3033905029297
2026-09-18T15:25:19.102246+00:00,spot_15,Spot 15,Empty,2026-09-18T14:09:19.751330+00:00,,,,,,,,
2026-09-18T15:25:19.102246+00:00,spot_16,Spot 16,Occupied,2026-09-18T15:13:16.567297+00:00,226,car,0.7042942643165588,728,16.351425170898438,315.004150390625,48.81470489501953,336.0714111328125
2026-09-18T15:25:19.102246+00:00,spot_17,Spot 17,Empty,2026-09-17T18:54:59.211881+00:00,,,,,,,,
2026-09-18T15:26:21.300050+00:00,spot_1,Spot 1,Occupied,2026-09-18T14:59:19.059764+00:00,219,truck,0.4918113052845001,1623,575.3406982421875,312.79351806640625,615.8592529296875,358.48651123046875
2026-09-18T15:26:21.300050+00:00,spot_2,Spot 2,Empty,2026-09-18T14:45:18.404551+00:00,,,,,,,,
2026-09-18T15:26:21.300050+00:00,spot_3,Spot 3,Occupied,2026-09-18T14:25:19.764755+00:00,205,car,0.7574689984321594,3720,447.1611328125,326.1580810546875,499.7735595703125,368.4287109375
2026-09-18T15:26:21.300050+00:00,spot_4,Spot 4,Occupied,2026-09-18T14:45:18.404551+00:00,213,car,0.8492908477783203,2456,389.970947265625,324.23114013671875,448.111328125,363.90899658203125
2026-09-18T15:26:21.300050+00:00,spot_5,Spot 5,Occupied,2026-09-18T14:25:19.764755+00:00,206,car,0.8587452173233032,3654,350.4693603515625,325.76556396484375,394.9730224609375,360.77716064453125
2026-09-18T15:26:21.300050+00:00,spot_6,Spot 6,Occupied,2026-09-18T13:29:15.996818+00:00,182,car,0.6754437685012817,7028,284.02459716796875,321.0975646972656,351.02117919921875,368.4717102050781
2026-09-18T15:26:21.300050+00:00,spot_7,Spot 7,Occupied,2026-09-18T13:56:26.319863+00:00,192,car,0.8369267582893372,5394,254.93310546875,318.0223388671875,305.26904296875,358.189697265625
2026-09-18T15:26:21.300050+00:00,spot_8,Spot 8,Occupied,2026-09-18T15:04:12.803452+00:00,222,car,0.8492624759674072,1328,194.32180786132812,327.64532470703125,254.91476440429688,353.12615966796875
2026-09-18T15:26:21.300050+00:00,spot_9,Spot 9,Occupied,2026-09-18T14:50:24.799919+00:00,215,car,0.48489242792129517,2144,145.90170288085938,313.2754211425781,225.33822631835938,353.6346740722656
2026-09-18T15:26:21.300050+00:00,spot_10,Spot 10,Empty,2026-09-18T14:44:17.635162+00:00,,,,,,,,
2026-09-18T15:26:21.300050+00:00,spot_11,Spot 11,Occupied,2026-09-18T13:29:15.996818+00:00,183,car,0.7054591774940491,7028,117.70684814453125,323.30322265625,158.30764770507812,345.8302001953125
2026-09-18T15:26:21.300050+00:00,spot_12,Spot 12,Occupied,2026-09-18T15:15:20.927395+00:00,227,car,0.6215431690216064,654,94.69178771972656,319.36273193359375,127.29997253417969,343.31658935546875
2026-09-18T15:26:21.300050+00:00,spot_13,Spot 13,Occupied,2026-09-18T15:24:19.918109+00:00,229,car,0.7156990170478821,120,68.4121322631836,318.1009216308594,97.13570404052734,337.0251159667969
2026-09-18T15:26:21.300050+00:00,spot_14,Spot 14,Empty,2026-09-18T15:26:21.300050+00:00,,,,,,,,
2026-09-18T15:26:21.300050+00:00,spot_15,Spot 15,Occupied,2026-09-18T15:26:21.300050+00:00,230,car,0.39199814200401306,0,46.65342712402344,319.28546142578125,70.42630004882812,336.85418701171875
2026-09-18T15:26:21.300050+00:00,spot_16,Spot 16,Occupied,2026-09-18T15:13:16.567297+00:00,226,car,0.48775678873062134,786,19.460670471191406,315.2264404296875,49.082923889160156,336.21966552734375
2026-09-18T15:26:21.300050+00:00,spot_17,Spot 17,Empty,2026-09-17T18:54:59.211881+00:00,,,,,,,,
2026-09-18T15:27:13.434662+00:00,spot_1,Spot 1,Occupied,2026-09-18T14:59:19.059764+00:00,219,car,0.8001691699028015,1673,575.2529296875,312.9240417480469,614.8399658203125,358.3989562988281
2026-09-18T15:27:13.434662+00:00,spot_2,Spot 2,Empty,2026-09-18T14:45:18.404551+00:00,,,,,,,,
2026-09-18T15:27:13.434662+00:00,spot_3,Spot 3,Occupied,2026-09-18T14:25:19.764755+00:00,205,car,0.7316153049468994,3770,447.157958984375,325.3302917480469,498.370849609375,367.6151428222656
2026-09-18T15:27:13.434662+00:00,spot_4,Spot 4,Occupied,2026-09-18T14:45:18.404551+00:00,213,car,0.8981216549873352,2506,390.2508850097656,324.19879150390625,448.0228576660156,363.85223388671875
2026-09-18T15:27:13.434662+00:00,spot_5,Spot 5,Occupied,2026-09-18T14:25:19.764755+00:00,206,car,0.8436301946640015,3704,348.46148681640625,326.24505615234375,395.97479248046875,360.76776123046875
2026-09-18T15:27:13.434662+00:00,spot_6,Spot 6,Occupied,2026-09-18T13:29:15.996818+00:00,182,car,0.686547577381134,7078,283.812255859375,321.1112060546875,352.6732177734375,368.3333740234375
2026-09-18T15:27:13.434662+00:00,spot_7,Spot 7,Occupied,2026-09-18T13:56:26.319863+00:00,192,car,0.7825636267662048,5444,254.29617309570312,318.53912353515625,304.0053405761719,358.32000732421875
2026-09-18T15:27:13.434662+00:00,spot_8,Spot 8,Occupied,2026-09-18T15:04:12.803452+00:00,222,car,0.84955894947052,1378,194.9888153076172,327.557861328125,255.1597137451172,352.805419921875
2026-09-18T15:27:13.434662+00:00,spot_9,Spot 9,Occupied,2026-09-18T14:50:24.799919+00:00,215,truck,0.6132073402404785,2194,146.16415405273438,313.377197265625,224.30624389648438,354.374267578125
2026-09-18T15:27:13.434662+00:00,spot_10,Spot 10,Empty,2026-09-18T14:44:17.635162+00:00,,,,,,,,
2026-09-18T15:27:13.434662+00:00,spot_11,Spot 11,Occupied,2026-09-18T13:29:15.996818+00:00,183,car,0.7001549005508423,7078,117.86157989501953,323.16845703125,157.59393310546875,345.7403564453125
2026-09-18T15:27:13.434662+00:00,spot_12,Spot 12,Occupied,2026-09-18T15:15:20.927395+00:00,227,car,0.669775664806366,704,95.03250122070312,319.37176513671875,128.441650390625,343.19464111328125
2026-09-18T15:27:13.434662+00:00,spot_13,Spot 13,Occupied,2026-09-18T15:24:19.918109+00:00,229,car,0.6539878249168396,170,68.03953552246094,318.7857666015625,97.67530822753906,337.13006591796875
2026-09-18T15:27:13.434662+00:00,spot_14,Spot 14,Empty,2026-09-18T15:26:21.300050+00:00,,,,,,,,
2026-09-18T15:27:13.434662+00:00,spot_15,Spot 15,Empty,2026-09-18T15:27:13.434662+00:00,,,,,,,,
2026-09-18T15:27:13.434662+00:00,spot_16,Spot 16,Occupied,2026-09-18T15:13:16.567297+00:00,226,car,0.5983672142028809,836,17.571548461914062,314.91357421875,49.39692687988281,336.5233154296875
2026-09-18T15:27:13.434662+00:00,spot_17,Spot 17,Empty,2026-09-17T18:54:59.211881+00:00,,,,,,,,
2026-09-18T15:28:14.330676+00:00,spot_1,Spot 1,Occupied,2026-09-18T14:59:19.059764+00:00,219,car,0.8705854415893555,1737,575.4403076171875,313.2578430175781,614.754150390625,358.3450622558594
2026-09-18T15:28:14.330676+00:00,spot_2,Spot 2,Empty,2026-09-18T14:45:18.404551+00:00,,,,,,,,
2026-09-18T15:28:14.330676+00:00,spot_3,Spot 3,Occupied,2026-09-18T14:25:19.764755+00:00,205,car,0.6759708523750305,3834,447.54730224609375,325.09765625,500.92401123046875,368.8397216796875
2026-09-18T15:28:14.330676+00:00,spot_4,Spot 4,Occupied,2026-09-18T14:45:18.404551+00:00,213,car,0.8867775797843933,2571,390.2215881347656,323.7833251953125,448.3705139160156,363.6063232421875
2026-09-18T15:28:14.330676+00:00,spot_5,Spot 5,Occupied,2026-09-18T14:25:19.764755+00:00,206,car,0.8630212545394897,3768,350.6339111328125,324.78857421875,395.16015625,360.69677734375
2026-09-18T15:28:14.330676+00:00,spot_6,Spot 6,Occupied,2026-09-18T13:29:15.996818+00:00,182,car,0.8005702495574951,7143,284.1109619140625,320.88092041015625,353.32220458984375,368.1956787109375
2026-09-18T15:28:14.330676+00:00,spot_7,Spot 7,Occupied,2026-09-18T13:56:26.319863+00:00,192,car,0.7844445109367371,5509,254.52108764648438,317.742431640625,305.0762023925781,358.36767578125
2026-09-18T15:28:14.330676+00:00,spot_8,Spot 8,Occupied,2026-09-18T15:04:12.803452+00:00,222,car,0.8529283404350281,1442,194.85704040527344,327.1093444824219,254.7021942138672,352.9714660644531
2026-09-18T15:28:14.330676+00:00,spot_9,Spot 9,Occupied,2026-09-18T14:50:24.799919+00:00,215,car,0.7643488645553589,2258,148.86854553222656,313.82154083251953,226.52928161621094,353.1388702392578
2026-09-18T15:28:14.330676+00:00,spot_10,Spot 10,Empty,2026-09-18T14:44:17.635162+00:00,,,,,,,,
2026-09-18T15:28:14.330676+00:00,spot_11,Spot 11,Occupied,2026-09-18T13:29:15.996818+00:00,183,car,0.7353938221931458,7143,117.0169448852539,323.0694580078125,158.44400024414062,345.55255126953125
2026-09-18T15:28:14.330676+00:00,spot_12,Spot 12,Occupied,2026-09-18T15:15:20.927395+00:00,227,car,0.6981369256973267,768,95.38034057617188,319.21771240234375,129.3877716064453,342.99383544921875
2026-09-18T15:28:14.330676+00:00,spot_13,Spot 13,Occupied,2026-09-18T15:24:19.918109+00:00,229,car,0.6379712224006653,234,68.4183349609375,318.12200927734375,96.35064697265625,336.77764892578125
2026-09-18T15:28:14.330676+00:00,spot_14,Spot 14,Empty,2026-09-18T15:26:21.300050+00:00,,,,,,,,
2026-09-18T15:28:14.330676+00:00,spot_15,Spot 15,Empty,2026-09-18T15:27:13.434662+00:00,,,,,,,,
2026-09-18T15:28:14.330676+00:00,spot_16,Spot 16,Occupied,2026-09-18T15:13:16.567297+00:00,226,car,0.7003807425498962,900,17.16390609741211,315.16912841796875,49.02238845825195,336.30303955078125
2026-09-18T15:28:14.330676+00:00,spot_17,Spot 17,Empty,2026-09-17T18:54:59.211881+00:00,,,,,,,,
2026-09-18T15:29:18.621626+00:00,spot_1,Spot 1,Occupied,2026-09-18T14:59:19.059764+00:00,219,car,0.7353863716125488,1801,575.4373168945312,313.3389892578125,614.6864624023438,358.4471435546875
2026-09-18T15:29:18.621626+00:00,spot_2,Spot 2,Empty,2026-09-18T14:45:18.404551+00:00,,,,,,,,
2026-09-18T15:29:18.621626+00:00,spot_3,Spot 3,Occupied,2026-09-18T14:25:19.764755+00:00,205,car,0.43743690848350525,3898,447.18804931640625,326.78167724609375,492.79449462890625,368.45758056640625
2026-09-18T15:29:18.621626+00:00,spot_4,Spot 4,Occupied,2026-09-18T14:45:18.404551+00:00,213,car,0.8684669137001038,2634,390.4210510253906,324.28125,447.7051696777344,363.8209228515625
2026-09-18T15:29:18.621626+00:00,spot_5,Spot 5,Occupied,2026-09-18T14:25:19.764755+00:00,206,car,0.8602842092514038,3832,350.3227233886719,325.50518798828125,396.3246154785156,360.99359130859375
2026-09-18T15:29:18.621626+00:00,spot_6,Spot 6,Occupied,2026-09-18T13:29:15.996818+00:00,182,car,0.5349264144897461,7206,283.83917236328125,320.92724609375,352.42669677734375,368.0843505859375
2026-09-18T15:29:18.621626+00:00,spot_7,Spot 7,Occupied,2026-09-18T13:56:26.319863+00:00,192,car,0.7286556959152222,5572,254.55064392089844,316.66766357421875,304.570556640625,357.98858642578125
2026-09-18T15:29:18.621626+00:00,spot_8,Spot 8,Occupied,2026-09-18T15:04:12.803452+00:00,222,car,0.8386579155921936,1506,196.54324340820312,327.68223571777344,246.86032104492188,352.44871520996094
2026-09-18T15:29:18.621626+00:00,spot_9,Spot 9,Occupied,2026-09-18T14:50:24.799919+00:00,215,car,0.5975143313407898,2322,146.71197509765625,314.1445007324219,224.12832641601562,353.4189758300781
2026-09-18T15:29:18.621626+00:00,spot_10,Spot 10,Empty,2026-09-18T14:44:17.635162+00:00,,,,,,,,
2026-09-18T15:29:18.621626+00:00,spot_11,Spot 11,Occupied,2026-09-18T13:29:15.996818+00:00,183,car,0.754392147064209,7206,115.40866088867188,322.71429443359375,161.856201171875,345.36944580078125
2026-09-18T15:29:18.621626+00:00,spot_12,Spot 12,Occupied,2026-09-18T15:15:20.927395+00:00,227,car,0.6662370562553406,831,95.43940734863281,319.0731201171875,128.23712158203125,342.9267578125
2026-09-18T15:29:18.621626+00:00,spot_13,Spot 13,Occupied,2026-09-18T15:24:19.918109+00:00,229,car,0.7469375133514404,298,68.45208740234375,317.85333251953125,98.77586364746094,337.28033447265625
2026-09-18T15:29:18.621626+00:00,spot_14,Spot 14,Occupied,2026-09-18T15:29:18.621626+00:00,231,car,0.46825674176216125,0,47.69585418701172,319.7177505493164,72.2518081665039,336.4380111694336
2026-09-18T15:29:18.621626+00:00,spot_15,Spot 15,Empty,2026-09-18T15:27:13.434662+00:00,,,,,,,,
2026-09-18T15:29:18.621626+00:00,spot_16,Spot 16,Occupied,2026-09-18T15:13:16.567297+00:00,226,car,0.7274126410484314,964,17.61725425720215,315.0089111328125,49.219200134277344,336.18951416015625
2026-09-18T15:29:18.621626+00:00,spot_17,Spot 17,Empty,2026-09-17T18:54:59.211881+00:00,,,,,,,,
2026-09-18T15:30:26.705396+00:00,spot_1,Spot 1,Occupied,2026-09-18T14:59:19.059764+00:00,219,car,0.7191405892372131,1883,575.4276123046875,313.24432373046875,615.0325927734375,358.46197509765625
2026-09-18T15:30:26.705396+00:00,spot_2,Spot 2,Empty,2026-09-18T14:45:18.404551+00:00,,,,,,,,
2026-09-18T15:30:26.705396+00:00,spot_3,Spot 3,Occupied,2026-09-18T14:25:19.764755+00:00,205,car,0.7647322416305542,3980,447.7615966796875,326.31024169921875,498.0419921875,368.30999755859375
2026-09-18T15:30:26.705396+00:00,spot_4,Spot 4,Occupied,2026-09-18T14:45:18.404551+00:00,213,car,0.8840686082839966,2717,390.26239013671875,323.83404541015625,448.20843505859375,363.55682373046875
2026-09-18T15:30:26.705396+00:00,spot_5,Spot 5,Occupied,2026-09-18T14:25:19.764755+00:00,206,car,0.8417776226997375,3914,349.5233459472656,326.18060302734375,395.8811340332031,360.67486572265625
2026-09-18T15:30:26.705396+00:00,spot_6,Spot 6,Occupied,2026-09-18T13:29:15.996818+00:00,182,car,0.8406829237937927,7289,283.93878173828125,320.78399658203125,353.37823486328125,367.64666748046875
2026-09-18T15:30:26.705396+00:00,spot_7,Spot 7,Occupied,2026-09-18T13:56:26.319863+00:00,192,car,0.7493434548377991,5654,253.93768310546875,317.2764587402344,303.119384765625,358.0876159667969
2026-09-18T15:30:26.705396+00:00,spot_8,Spot 8,Occupied,2026-09-18T15:04:12.803452+00:00,222,car,0.8095117807388306,1588,195.0006103515625,327.146240234375,254.64532470703125,352.24322509765625
2026-09-18T15:30:26.705396+00:00,spot_9,Spot 9,Occupied,2026-09-18T14:50:24.799919+00:00,215,car,0.528021514415741,2404,146.68724060058594,312.909423828125,224.82078552246094,353.951416015625
2026-09-18T15:30:26.705396+00:00,spot_10,Spot 10,Empty,2026-09-18T14:44:17.635162+00:00,,,,,,,,
2026-09-18T15:30:26.705396+00:00,spot_11,Spot 11,Occupied,2026-09-18T13:29:15.996818+00:00,183,car,0.5795415043830872,7289,119.34982299804688,323.2707824707031,157.35775756835938,345.6172790527344
2026-09-18T15:30:26.705396+00:00,spot_12,Spot 12,Occupied,2026-09-18T15:15:20.927395+00:00,227,car,0.4313937723636627,914,95.47064208984375,318.7073974609375,127.56179809570312,343.0218505859375
2026-09-18T15:30:26.705396+00:00,spot_13,Spot 13,Occupied,2026-09-18T15:24:19.918109+00:00,229,car,0.6870545148849487,380,68.36495971679688,317.842529296875,96.94039916992188,337.174560546875
2026-09-18T15:30:26.705396+00:00,spot_14,Spot 14,Occupied,2026-09-18T15:29:18.621626+00:00,231,car,0.3236672878265381,82,47.7419319152832,317.3983154296875,71.82062530517578,336.234130859375
2026-09-18T15:30:26.705396+00:00,spot_15,Spot 15,Empty,2026-09-18T15:27:13.434662+00:00,,,,,,,,
2026-09-18T15:30:26.705396+00:00,spot_16,Spot 16,Occupied,2026-09-18T15:13:16.567297+00:00,226,car,0.5420544743537903,1046,19.892179489135742,315.2052001953125,50.0712890625,335.8009033203125
2026-09-18T15:30:26.705396+00:00,spot_17,Spot 17,Empty,2026-09-17T18:54:59.211881+00:00,,,,,,,,
2026-09-18T15:31:41.710694+00:00,spot_1,Spot 1,Occupied,2026-09-18T14:59:19.059764+00:00,219,car,0.7446592450141907,1942,575.7487182617188,312.8458251953125,614.7655639648438,358.8492431640625
2026-09-18T15:31:41.710694+00:00,spot_2,Spot 2,Empty,2026-09-18T14:45:18.404551+00:00,,,,,,,,
2026-09-18T15:31:41.710694+00:00,spot_3,Spot 3,Occupied,2026-09-18T14:25:19.764755+00:00,205,car,0.5988204479217529,4039,447.08587646484375,324.5990295410156,499.376708984375,368.6705627441406
2026-09-18T15:31:41.710694+00:00,spot_4,Spot 4,Occupied,2026-09-18T14:45:18.404551+00:00,213,car,0.7824270129203796,2775,390.2119140625,323.4593505859375,448.322265625,364.5345458984375
2026-09-18T15:31:41.710694+00:00,spot_5,Spot 5,Occupied,2026-09-18T14:25:19.764755+00:00,206,car,0.8531429171562195,3973,348.940185546875,326.398193359375,396.31927490234375,360.852783203125
2026-09-18T15:31:41.710694+00:00,spot_6,Spot 6,Occupied,2026-09-18T13:29:15.996818+00:00,182,truck,0.48108434677124023,7347,283.804443359375,320.57232666015625,351.6109619140625,368.10467529296875
2026-09-18T15:31:41.710694+00:00,spot_7,Spot 7,Occupied,2026-09-18T13:56:26.319863+00:00,192,car,0.7890673875808716,5713,254.46287536621094,318.01904296875,300.56689453125,357.87847900390625
2026-09-18T15:31:41.710694+00:00,spot_8,Spot 8,Occupied,2026-09-18T15:04:12.803452+00:00,222,car,0.8373114466667175,1647,194.7640380859375,327.37872314453125,255.1639404296875,352.06719970703125
2026-09-18T15:31:41.710694+00:00,spot_9,Spot 9,Occupied,2026-09-18T14:50:24.799919+00:00,215,car,0.6421581506729126,2463,146.7799530029297,313.44940185546875,224.4563446044922,353.73236083984375
2026-09-18T15:31:41.710694+00:00,spot_10,Spot 10,Empty,2026-09-18T14:44:17.635162+00:00,,,,,,,,
2026-09-18T15:31:41.710694+00:00,spot_11,Spot 11,Occupied,2026-09-18T13:29:15.996818+00:00,183,car,0.6964815258979797,7347,117.06430053710938,322.82080078125,159.23098754882812,345.4725341796875
2026-09-18T15:31:41.710694+00:00,spot_12,Spot 12,Occupied,2026-09-18T15:15:20.927395+00:00,227,car,0.6257251501083374,973,94.85955810546875,319.417236328125,128.3310546875,342.75927734375
2026-09-18T15:31:41.710694+00:00,spot_13,Spot 13,Occupied,2026-09-18T15:24:19.918109+00:00,229,car,0.6187646985054016,439,68.84487915039062,317.97735595703125,97.28123474121094,337.09893798828125
2026-09-18T15:31:41.710694+00:00,spot_14,Spot 14,Empty,2026-09-18T15:31:41.710694+00:00,,,,,,,,
2026-09-18T15:31:41.710694+00:00,spot_15,Spot 15,Occupied,2026-09-18T15:31:41.710694+00:00,232,car,0.3805806636810303,0,47.19667053222656,317.78399658203125,70.15516662597656,336.67950439453125
2026-09-18T15:31:41.710694+00:00,spot_16,Spot 16,Occupied,2026-09-18T15:13:16.567297+00:00,226,car,0.43002814054489136,1105,20.546249389648438,314.9200134277344,48.14772033691406,335.9482116699219
2026-09-18T15:31:41.710694+00:00,spot_17,Spot 17,Empty,2026-09-17T18:54:59.211881+00:00,,,,,,,,
2026-09-18T15:32:33.874599+00:00,spot_1,Spot 1,Occupied,2026-09-18T14:59:19.059764+00:00,219,car,0.6416569948196411,1996,575.5444946289062,313.27984619140625,614.2426147460938,359.55108642578125
2026-09-18T15:32:33.874599+00:00,spot_2,Spot 2,Empty,2026-09-18T14:45:18.404551+00:00,,,,,,,,
2026-09-18T15:32:33.874599+00:00,spot_3,Spot 3,Occupied,2026-09-18T14:25:19.764755+00:00,205,car,0.6030027866363525,4093,447.09539794921875,318.52203369140625,501.92852783203125,368.76025390625
2026-09-18T15:32:33.874599+00:00,spot_4,Spot 4,Occupied,2026-09-18T14:45:18.404551+00:00,213,car,0.8394362926483154,2829,390.16485595703125,324.146728515625,448.08447265625,364.331787109375
2026-09-18T15:32:33.874599+00:00,spot_5,Spot 5,Occupied,2026-09-18T14:25:19.764755+00:00,206,car,0.8412359356880188,4027,349.392333984375,325.1012878417969,395.1171875,360.6061706542969
2026-09-18T15:32:33.874599+00:00,spot_6,Spot 6,Occupied,2026-09-18T13:29:15.996818+00:00,182,truck,0.5792144536972046,7401,283.65911865234375,320.6868591308594,352.85662841796875,368.4342956542969
2026-09-18T15:32:33.874599+00:00,spot_7,Spot 7,Occupied,2026-09-18T13:56:26.319863+00:00,192,car,0.7709807753562927,5767,254.48544311523438,317.47320556640625,299.6050109863281,357.96954345703125
2026-09-18T15:32:33.874599+00:00,spot_8,Spot 8,Occupied,2026-09-18T15:04:12.803452+00:00,222,car,0.8526248931884766,1701,195.16429138183594,327.0850830078125,254.92787170410156,352.84295654296875
2026-09-18T15:32:33.874599+00:00,spot_9,Spot 9,Occupied,2026-09-18T14:50:24.799919+00:00,215,car,0.5770045518875122,2517,146.88494873046875,313.21038818359375,224.59185791015625,353.0823974609375
2026-09-18T15:32:33.874599+00:00,spot_10,Spot 10,Empty,2026-09-18T14:44:17.635162+00:00,,,,,,,,
2026-09-18T15:32:33.874599+00:00,spot_11,Spot 11,Occupied,2026-09-18T13:29:15.996818+00:00,183,car,0.7225757837295532,7401,117.5852279663086,322.620849609375,159.00833129882812,345.44818115234375
2026-09-18T15:32:33.874599+00:00,spot_12,Spot 12,Occupied,2026-09-18T15:15:20.927395+00:00,227,car,0.6531811356544495,1026,95.37783813476562,319.359619140625,128.530029296875,343.049560546875
2026-09-18T15:32:33.874599+00:00,spot_13,Spot 13,Occupied,2026-09-18T15:24:19.918109+00:00,229,car,0.7000378370285034,493,67.99357604980469,317.573974609375,97.61854553222656,336.7396240234375
2026-09-18T15:32:33.874599+00:00,spot_14,Spot 14,Empty,2026-09-18T15:31:41.710694+00:00,,,,,,,,
2026-09-18T15:32:33.874599+00:00,spot_15,Spot 15,Empty,2026-09-18T15:32:33.874599+00:00,,,,,,,,
2026-09-18T15:32:33.874599+00:00,spot_16,Spot 16,Occupied,2026-09-18T15:13:16.567297+00:00,226,car,0.42621827125549316,1159,18.279203414916992,315.01873779296875,50.39849853515625,335.86273193359375
2026-09-18T15:32:33.874599+00:00,spot_17,Spot 17,Empty,2026-09-17T18:54:59.211881+00:00,,,,,,,,
2026-09-18T15:33:22.801404+00:00,spot_1,Spot 1,Occupied,2026-09-18T14:59:19.059764+00:00,219,car,0.5469652414321899,2042,575.7949829101562,312.9560546875,614.3543090820312,359.53240966796875
2026-09-18T15:33:22.801404+00:00,spot_2,Spot 2,Empty,2026-09-18T14:45:18.404551+00:00,,,,,,,,
2026-09-18T15:33:22.801404+00:00,spot_3,Spot 3,Occupied,2026-09-18T14:25:19.764755+00:00,205,car,0.564838171005249,4139,447.2145080566406,325.6785888671875,499.4078063964844,368.7567138671875
2026-09-18T15:33:22.801404+00:00,spot_4,Spot 4,Occupied,2026-09-18T14:45:18.404551+00:00,213,car,0.8366060853004456,2876,390.2943115234375,323.70654296875,448.057373046875,363.9388427734375
2026-09-18T15:33:22.801404+00:00,spot_5,Spot 5,Occupied,2026-09-18T14:25:19.764755+00:00,206,car,0.8076765537261963,4073,349.5745544433594,325.7032470703125,395.8289489746094,360.6304931640625
2026-09-18T15:33:22.801404+00:00,spot_6,Spot 6,Occupied,2026-09-18T13:29:15.996818+00:00,182,car,0.5407192707061768,7447,284.0149230957031,320.85589599609375,351.6405944824219,368.693603515625
2026-09-18T15:33:22.801404+00:00,spot_7,Spot 7,Occupied,2026-09-18T13:56:26.319863+00:00,192,car,0.7675706148147583,5813,254.40475463867188,316.689453125,303.4289855957031,358.03460693359375
2026-09-18T15:33:22.801404+00:00,spot_8,Spot 8,Occupied,2026-09-18T15:04:12.803452+00:00,222,car,0.8462843894958496,1747,193.79998779296875,326.77410888671875,254.86456298828125,353.02569580078125
2026-09-18T15:33:22.801404+00:00,spot_9,Spot 9,Occupied,2026-09-18T14:50:24.799919+00:00,215,car,0.7388955950737,2563,146.9239044189453,313.49700927734375,224.72361755371094,353.47930908203125
2026-09-18T15:33:22.801404+00:00,spot_10,Spot 10,Empty,2026-09-18T14:44:17.635162+00:00,,,,,,,,
2026-09-18T15:33:22.801404+00:00,spot_11,Spot 11,Occupied,2026-09-18T13:29:15.996818+00:00,183,car,0.7549774646759033,7447,117.4709701538086,322.9169006347656,158.49234008789062,345.2677917480469
2026-09-18T15:33:22.801404+00:00,spot_12,Spot 12,Occupied,2026-09-18T15:15:20.927395+00:00,227,car,0.5304666757583618,1073,95.1817626953125,319.2147521972656,128.80355834960938,342.8954162597656
2026-09-18T15:33:22.801404+00:00,spot_13,Spot 13,Occupied,2026-09-18T15:24:19.918109+00:00,229,car,0.5963730216026306,539,68.27699279785156,317.9825439453125,96.87733459472656,336.88134765625
2026-09-18T15:33:22.801404+00:00,spot_14,Spot 14,Empty,2026-09-18T15:31:41.710694+00:00,,,,,,,,
2026-09-18T15:33:22.801404+00:00,spot_15,Spot 15,Occupied,2026-09-18T15:33:22.801404+00:00,233,car,0.4991314113140106,0,48.23609161376953,317.68157958984375,69.2981185913086,336.48663330078125
2026-09-18T15:33:22.801404+00:00,spot_16,Spot 16,Occupied,2026-09-18T15:13:16.567297+00:00,226,car,0.7379426956176758,1205,20.970596313476562,315.02899169921875,49.04253387451172,335.46026611328125
2026-09-18T15:33:22.801404+00:00,spot_17,Spot 17,Empty,2026-09-17T18:54:59.211881+00:00,,,,,,,,
2026-09-18T15:34:15.441048+00:00,spot_1,Spot 1,Occupied,2026-09-18T14:59:19.059764+00:00,219,car,0.5027577877044678,2097,575.140869140625,312.69305419921875,615.086669921875,357.33905029296875
2026-09-18T15:34:15.441048+00:00,spot_2,Spot 2,Occupied,2026-09-18T15:34:15.441048+00:00,234,truck,0.5054238438606262,0,496.9735412597656,291.9443359375,557.6995849609375,369.19189453125
2026-09-18T15:34:15.441048+00:00,spot_3,Spot 3,Occupied,2026-09-18T14:25:19.764755+00:00,205,car,0.739711582660675,4194,446.98712158203125,326.0738525390625,496.7130126953125,368.78497314453125
2026-09-18T15:34:15.441048+00:00,spot_4,Spot 4,Occupied,2026-09-18T14:45:18.404551+00:00,213,car,0.873502254486084,2931,390.3619384765625,323.22686767578125,448.03125,363.5946044921875
2026-09-18T15:34:15.441048+00:00,spot_5,Spot 5,Occupied,2026-09-18T14:25:19.764755+00:00,206,car,0.8503584861755371,4128,350.0810546875,326.2873840332031,396.74700927734375,360.5030212402344
2026-09-18T15:34:15.441048+00:00,spot_6,Spot 6,Occupied,2026-09-18T13:29:15.996818+00:00,182,car,0.7552636861801147,7503,283.8870849609375,320.5975341796875,360.4942626953125,367.64306640625
2026-09-18T15:34:15.441048+00:00,spot_7,Spot 7,Occupied,2026-09-18T13:56:26.319863+00:00,192,car,0.7387360334396362,5868,254.40972900390625,321.6817321777344,304.39208984375,358.0181579589844
2026-09-18T15:34:15.441048+00:00,spot_8,Spot 8,Occupied,2026-09-18T15:04:12.803452+00:00,222,car,0.8646058440208435,1802,195.3720703125,327.1125793457031,254.7373046875,353.1275329589844
2026-09-18T15:34:15.441048+00:00,spot_9,Spot 9,Occupied,2026-09-18T14:50:24.799919+00:00,215,car,0.6853569149971008,2618,146.0162353515625,314.0340576171875,224.74478149414062,353.49517822265625
2026-09-18T15:34:15.441048+00:00,spot_10,Spot 10,Empty,2026-09-18T14:44:17.635162+00:00,,,,,,,,
2026-09-18T15:34:15.441048+00:00,spot_11,Spot 11,Occupied,2026-09-18T13:29:15.996818+00:00,183,car,0.688450276851654,7503,116.84097290039062,322.735107421875,161.659423828125,345.22357177734375
2026-09-18T15:34:15.441048+00:00,spot_12,Spot 12,Occupied,2026-09-18T15:15:20.927395+00:00,227,car,0.6746810674667358,1128,94.69039916992188,318.6327819824219,129.66802978515625,343.3085021972656
2026-09-18T15:34:15.441048+00:00,spot_13,Spot 13,Occupied,2026-09-18T15:24:19.918109+00:00,229,car,0.7519313097000122,594,67.75749969482422,317.6944122314453,97.02384948730469,336.70103454589844
2026-09-18T15:34:15.441048+00:00,spot_14,Spot 14,Empty,2026-09-18T15:31:41.710694+00:00,,,,,,,,
2026-09-18T15:34:15.441048+00:00,spot_15,Spot 15,Empty,2026-09-18T15:34:15.441048+00:00,,,,,,,,
2026-09-18T15:34:15.441048+00:00,spot_16,Spot 16,Occupied,2026-09-18T15:13:16.567297+00:00,226,car,0.6745847463607788,1260,17.72980499267578,314.97113037109375,50.438804626464844,335.98370361328125
2026-09-18T15:34:15.441048+00:00,spot_17,Spot 17,Empty,2026-09-17T18:54:59.211881+00:00,,,,,,,,
2026-09-18T15:35:19.223269+00:00,spot_1,Spot 1,Occupied,2026-09-18T14:59:19.059764+00:00,219,truck,0.5055058002471924,2171,575.0798950195312,312.65350341796875,614.7161254882812,358.75555419921875
2026-09-18T15:35:19.223269+00:00,spot_2,Spot 2,Occupied,2026-09-18T15:34:15.441048+00:00,234,bus,0.7995537519454956,73,497.5828857421875,291.356201171875,557.4195556640625,368.5242919921875
2026-09-18T15:35:19.223269+00:00,spot_3,Spot 3,Occupied,2026-09-18T14:25:19.764755+00:00,205,car,0.7528401017189026,4268,447.32086181640625,325.54022216796875,496.34979248046875,368.14031982421875
2026-09-18T15:35:19.223269+00:00,spot_4,Spot 4,Occupied,2026-09-18T14:45:18.404551+00:00,213,car,0.874261736869812,3005,390.1854248046875,323.9531555175781,448.09991455078125,363.7439270019531
2026-09-18T15:35:19.223269+00:00,spot_5,Spot 5,Occupied,2026-09-18T14:25:19.764755+00:00,206,car,0.8243092894554138,4202,350.4656982421875,326.0509033203125,395.39404296875,360.682373046875
2026-09-18T15:35:19.223269+00:00,spot_6,Spot 6,Occupied,2026-09-18T13:29:15.996818+00:00,182,car,0.5602949261665344,7576,283.8668212890625,320.67095947265625,353.033447265625,367.99798583984375
2026-09-18T15:35:19.223269+00:00,spot_7,Spot 7,Occupied,2026-09-18T13:56:26.319863+00:00,192,car,0.8119084239006042,5942,254.20596313476562,317.35528564453125,298.9166564941406,357.68853759765625
2026-09-18T15:35:19.223269+00:00,spot_8,Spot 8,Occupied,2026-09-18T15:04:12.803452+00:00,222,car,0.8399248123168945,1876,195.77822875976562,326.8507385253906,254.84573364257812,352.9830627441406
2026-09-18T15:35:19.223269+00:00,spot_9,Spot 9,Occupied,2026-09-18T14:50:24.799919+00:00,215,car,0.81348717212677,2692,145.7988739013672,313.12017822265625,224.23216247558594,353.60638427734375
2026-09-18T15:35:19.223269+00:00,spot_10,Spot 10,Empty,2026-09-18T14:44:17.635162+00:00,,,,,,,,
2026-09-18T15:35:19.223269+00:00,spot_11,Spot 11,Occupied,2026-09-18T13:29:15.996818+00:00,183,car,0.7824377417564392,7576,117.23998260498047,322.7169189453125,157.075927734375,345.16943359375
2026-09-18T15:35:19.223269+00:00,spot_12,Spot 12,Occupied,2026-09-18T15:15:20.927395+00:00,227,car,0.7404459118843079,1202,95.09051513671875,318.82415771484375,130.85482788085938,342.81463623046875
2026-09-18T15:35:19.223269+00:00,spot_13,Spot 13,Occupied,2026-09-18T15:24:19.918109+00:00,229,car,0.7156181335449219,668,68.54753112792969,317.4830322265625,98.15785217285156,336.90869140625
2026-09-18T15:35:19.223269+00:00,spot_14,Spot 14,Occupied,2026-09-18T15:35:19.223269+00:00,235,car,0.244783416390419,0,47.21346664428711,316.6763153076172,71.87018585205078,336.4734573364258
2026-09-18T15:35:19.223269+00:00,spot_15,Spot 15,Empty,2026-09-18T15:34:15.441048+00:00,,,,,,,,
2026-09-18T15:35:19.223269+00:00,spot_16,Spot 16,Occupied,2026-09-18T15:13:16.567297+00:00,226,car,0.7271171808242798,1334,18.106006622314453,314.81427001953125,49.246883392333984,335.64617919921875
2026-09-18T15:35:19.223269+00:00,spot_17,Spot 17,Empty,2026-09-17T18:54:59.211881+00:00,,,,,,,,
2026-09-18T15:36:26.203725+00:00,spot_1,Spot 1,Occupied,2026-09-18T14:59:19.059764+00:00,219,car,0.7182890176773071,2229,575.1064453125,312.59136962890625,614.4921875,356.89007568359375
2026-09-18T15:36:26.203725+00:00,spot_2,Spot 2,Occupied,2026-09-18T15:34:15.441048+00:00,234,bus,0.7209987044334412,131,497.7479248046875,292.3109130859375,557.58642578125,368.90380859375
2026-09-18T15:36:26.203725+00:00,spot_3,Spot 3,Occupied,2026-09-18T14:25:19.764755+00:00,205,car,0.7498977780342102,4326,447.01544189453125,320.9961853027344,494.06781005859375,368.4781799316406
2026-09-18T15:36:26.203725+00:00,spot_4,Spot 4,Occupied,2026-09-18T14:45:18.404551+00:00,213,car,0.869565486907959,3062,390.3116455078125,323.8238525390625,448.37548828125,364.44677734375
2026-09-18T15:36:26.203725+00:00,spot_5,Spot 5,Occupied,2026-09-18T14:25:19.764755+00:00,206,car,0.8587128520011902,4260,350.5780029296875,324.8370361328125,397.1312255859375,360.710693359375
2026-09-18T15:36:26.203725+00:00,spot_6,Spot 6,Occupied,2026-09-18T13:29:15.996818+00:00,182,car,0.7357051968574524,7634,283.85650634765625,320.667724609375,355.49822998046875,368.22998046875
2026-09-18T15:36:26.203725+00:00,spot_7,Spot 7,Occupied,2026-09-18T13:56:26.319863+00:00,192,car,0.7868349552154541,6000,254.44332885742188,316.9969482421875,300.0793151855469,357.9549560546875
2026-09-18T15:36:26.203725+00:00,spot_8,Spot 8,Occupied,2026-09-18T15:04:12.803452+00:00,222,car,0.8036354780197144,1934,196.2680206298828,327.1047668457031,246.87515258789062,352.1727600097656
2026-09-18T15:36:26.203725+00:00,spot_9,Spot 9,Occupied,2026-09-18T14:50:24.799919+00:00,215,car,0.7844333648681641,2750,146.31130981445312,314.2761535644531,227.18539428710938,353.8442077636719
2026-09-18T15:36:26.203725+00:00,spot_10,Spot 10,Empty,2026-09-18T14:44:17.635162+00:00,,,,,,,,
2026-09-18T15:36:26.203725+00:00,spot_11,Spot 11,Occupied,2026-09-18T13:29:15.996818+00:00,183,car,0.7506461143493652,7634,117.35967254638672,322.8273620605469,156.45782470703125,345.2833557128906
2026-09-18T15:36:26.203725+00:00,spot_12,Spot 12,Occupied,2026-09-18T15:15:20.927395+00:00,227,car,0.7245597839355469,1260,94.27403259277344,318.61572265625,132.05056762695312,343.3294677734375
2026-09-18T15:36:26.203725+00:00,spot_13,Spot 13,Occupied,2026-09-18T15:24:19.918109+00:00,229,car,0.6960102319717407,726,68.32560729980469,317.71832275390625,97.43162536621094,336.97418212890625
2026-09-18T15:36:26.203725+00:00,spot_14,Spot 14,Empty,2026-09-18T15:36:26.203725+00:00,,,,,,,,
2026-09-18T15:36:26.203725+00:00,spot_15,Spot 15,Empty,2026-09-18T15:34:15.441048+00:00,,,,,,,,
2026-09-18T15:36:26.203725+00:00,spot_16,Spot 16,Occupied,2026-09-18T15:13:16.567297+00:00,226,car,0.7012878656387329,1392,16.79494285583496,315.0885009765625,48.89862823486328,336.06689453125
2026-09-18T15:36:26.203725+00:00,spot_17,Spot 17,Empty,2026-09-17T18:54:59.211881+00:00,,,,,,,,
2026-09-18T15:37:17.903000+00:00,spot_1,Spot 1,Occupied,2026-09-18T14:59:19.059764+00:00,219,car,0.5917792320251465,2279,574.78759765625,312.4390869140625,614.809326171875,357.3389892578125
2026-09-18T15:37:17.903000+00:00,spot_2,Spot 2,Occupied,2026-09-18T15:34:15.441048+00:00,234,truck,0.5380491614341736,181,497.1708679199219,291.273681640625,557.0703125,368.58306884765625
2026-09-18T15:37:17.903000+00:00,spot_3,Spot 3,Occupied,2026-09-18T14:25:19.764755+00:00,205,car,0.7942966222763062,4376,447.0301513671875,317.6771240234375,498.134521484375,368.8016357421875
2026-09-18T15:37:17.903000+00:00,spot_4,Spot 4,Occupied,2026-09-18T14:45:18.404551+00:00,213,car,0.7465446591377258,3112,390.26544189453125,323.61639404296875,447.93536376953125,364.36944580078125
2026-09-18T15:37:17.903000+00:00,spot_5,Spot 5,Occupied,2026-09-18T14:25:19.764755+00:00,206,car,0.8590190410614014,4310,349.94580078125,324.6168212890625,396.4876708984375,360.665283203125
2026-09-18T15:37:17.903000+00:00,spot_6,Spot 6,Occupied,2026-09-18T13:29:15.996818+00:00,182,car,0.7910676598548889,7684,284.10546875,320.79669189453125,354.3228759765625,368.44110107421875
2026-09-18T15:37:17.903000+00:00,spot_7,Spot 7,Occupied,2026-09-18T13:56:26.319863+00:00,192,car,0.7777687311172485,6050,254.19439697265625,317.01214599609375,305.3006591796875,358.04437255859375
2026-09-18T15:37:17.903000+00:00,spot_8,Spot 8,Occupied,2026-09-18T15:04:12.803452+00:00,222,car,0.8251681327819824,1984,194.7066192626953,326.7502136230469,255.4547882080078,352.8789367675781
2026-09-18T15:37:17.903000+00:00,spot_9,Spot 9,Occupied,2026-09-18T14:50:24.799919+00:00,215,car,0.6792188286781311,2800,146.02206420898438,313.1590576171875,225.70901489257812,353.75732421875
2026-09-18T15:37:17.903000+00:00,spot_10,Spot 10,Empty,2026-09-18T14:44:17.635162+00:00,,,,,,,,
2026-09-18T15:37:17.903000+00:00,spot_11,Spot 11,Occupied,2026-09-18T13:29:15.996818+00:00,183,car,0.7724441885948181,7684,116.59385681152344,322.54327392578125,159.5463104248047,345.12078857421875
2026-09-18T15:37:17.903000+00:00,spot_12,Spot 12,Occupied,2026-09-18T15:15:20.927395+00:00,227,car,0.6982623338699341,1310,94.76277160644531,319.1282653808594,130.45741271972656,342.9193420410156
2026-09-18T15:37:17.903000+00:00,spot_13,Spot 13,Occupied,2026-09-18T15:24:19.918109+00:00,229,car,0.708323061466217,776,68.34168243408203,317.360595703125,97.9653549194336,336.9755859375
2026-09-18T15:37:17.903000+00:00,spot_14,Spot 14,Empty,2026-09-18T15:36:26.203725+00:00,,,,,,,,
2026-09-18T15:37:17.903000+00:00,spot_15,Spot 15,Occupied,2026-09-18T15:37:17.903000+00:00,237,car,0.501988410949707,0,47.32701873779297,317.63958740234375,69.78731536865234,336.52276611328125
2026-09-18T15:37:17.903000+00:00,spot_16,Spot 16,Occupied,2026-09-18T15:13:16.567297+00:00,226,car,0.1977589726448059,1442,19.672565460205078,314.5707550048828,49.45380783081055,329.02819061279297
2026-09-18T15:37:17.903000+00:00,spot_17,Spot 17,Occupied,2026-09-18T15:37:17.903000+00:00,236,car,0.6780205368995667,0,16.484268188476562,315.08984375,50.292137145996094,336.16925048828125
2026-09-18T15:38:20.912972+00:00,spot_1,Spot 1,Occupied,2026-09-18T14:59:19.059764+00:00,219,car,0.5807763338088989,2343,575.0162353515625,312.4913330078125,614.7550048828125,357.56256103515625
2026-09-18T15:38:20.912972+00:00,spot_2,Spot 2,Occupied,2026-09-18T15:34:15.441048+00:00,234,bus,0.783183217048645,246,497.4910888671875,290.9732666015625,556.9051513671875,367.8785400390625
2026-09-18T15:38:20.912972+00:00,spot_3,Spot 3,Occupied,2026-09-18T14:25:19.764755+00:00,205,car,0.5608277320861816,4440,447.1183166503906,318.75665283203125,496.8857116699219,368.86212158203125
2026-09-18T15:38:20.912972+00:00,spot_4,Spot 4,Occupied,2026-09-18T14:45:18.404551+00:00,213,car,0.8749468326568604,3177,390.0924072265625,323.9564208984375,448.25628662109375,363.71484375
2026-09-18T15:38:20.912972+00:00,spot_5,Spot 5,Occupied,2026-09-18T14:25:19.764755+00:00,206,car,0.8654751181602478,4375,350.28533935546875,325.158203125,396.826416015625,360.51123046875
2026-09-18T15:38:20.912972+00:00,spot_6,Spot 6,Occupied,2026-09-18T13:29:15.996818+00:00,182,car,0.7438244223594666,7749,283.763671875,320.6754455566406,355.2750244140625,368.3635559082031
2026-09-18T15:38:20.912972+00:00,spot_7,Spot 7,Occupied,2026-09-18T13:56:26.319863+00:00,192,car,0.7746961116790771,6115,254.86959838867188,316.7420654296875,302.7958068847656,357.78997802734375
2026-09-18T15:38:20.912972+00:00,spot_8,Spot 8,Occupied,2026-09-18T15:04:12.803452+00:00,222,car,0.849015474319458,2048,194.42581176757812,326.9051513671875,255.00631713867188,352.8408203125
2026-09-18T15:38:20.912972+00:00,spot_9,Spot 9,Occupied,2026-09-18T14:50:24.799919+00:00,215,car,0.6919721961021423,2865,148.79214477539062,313.157958984375,225.17721557617188,353.975341796875
2026-09-18T15:38:20.912972+00:00,spot_10,Spot 10,Empty,2026-09-18T14:44:17.635162+00:00,,,,,,,,
2026-09-18T15:38:20.912972+00:00,spot_11,Spot 11,Occupied,2026-09-18T13:29:15.996818+00:00,183,car,0.608889102935791,7749,118.907958984375,322.57550048828125,157.90420532226562,345.07452392578125
2026-09-18T15:38:20.912972+00:00,spot_12,Spot 12,Occupied,2026-09-18T15:15:20.927395+00:00,227,car,0.556236207485199,1374,95.0740737915039,319.47784423828125,126.9621810913086,342.88726806640625
2026-09-18T15:38:20.912972+00:00,spot_13,Spot 13,Occupied,2026-09-18T15:24:19.918109+00:00,229,car,0.7278944253921509,840,68.16838836669922,317.80657958984375,97.61272430419922,336.87445068359375
2026-09-18T15:38:20.912972+00:00,spot_14,Spot 14,Empty,2026-09-18T15:36:26.203725+00:00,,,,,,,,
2026-09-18T15:38:20.912972+00:00,spot_15,Spot 15,Empty,2026-09-18T15:38:20.912972+00:00,,,,,,,,
2026-09-18T15:38:20.912972+00:00,spot_16,Spot 16,Occupied,2026-09-18T15:13:16.567297+00:00,226,car,0.5436801314353943,1507,19.028779983520508,315.1219482421875,51.74847412109375,335.9453125
2026-09-18T15:38:20.912972+00:00,spot_17,Spot 17,Empty,2026-09-18T15:38:20.912972+00:00,,,,,,,,
2026-09-18T15:39:19.626605+00:00,spot_1,Spot 1,Occupied,2026-09-18T14:59:19.059764+00:00,219,car,0.5131650567054749,2400,574.8456420898438,312.4900817871094,614.7623901367188,357.3065490722656
2026-09-18T15:39:19.626605+00:00,spot_2,Spot 2,Occupied,2026-09-18T15:34:15.441048+00:00,234,bus,0.5375606417655945,303,497.28375244140625,291.3407897949219,557.2337036132812,369.2307434082031
2026-09-18T15:39:19.626605+00:00,spot_3,Spot 3,Occupied,2026-09-18T14:25:19.764755+00:00,205,car,0.7229046821594238,4498,446.9200439453125,325.2037658691406,490.8912353515625,368.8113098144531
2026-09-18T15:39:19.626605+00:00,spot_4,Spot 4,Occupied,2026-09-18T14:45:18.404551+00:00,213,car,0.8772218227386475,3234,390.409912109375,323.8438720703125,448.6180419921875,364.3348388671875
2026-09-18T15:39:19.626605+00:00,spot_5,Spot 5,Occupied,2026-09-18T14:25:19.764755+00:00,206,car,0.8403889536857605,4432,350.2725830078125,324.98907470703125,397.23040771484375,360.52044677734375
2026-09-18T15:39:19.626605+00:00,spot_6,Spot 6,Occupied,2026-09-18T13:29:15.996818+00:00,182,car,0.7296765446662903,7806,283.943603515625,320.93353271484375,353.0518798828125,368.77178955078125
2026-09-18T15:39:19.626605+00:00,spot_7,Spot 7,Occupied,2026-09-18T13:56:26.319863+00:00,192,car,0.7960262894630432,6172,253.97354125976562,317.201416015625,305.2867126464844,358.4390869140625
2026-09-18T15:39:19.626605+00:00,spot_8,Spot 8,Occupied,2026-09-18T15:04:12.803452+00:00,222,car,0.6725018620491028,2105,196.17800903320312,327.44517517089844,246.82321166992188,351.87718200683594
2026-09-18T15:39:19.626605+00:00,spot_9,Spot 9,Occupied,2026-09-18T14:50:24.799919+00:00,215,car,0.6424651145935059,2922,145.46932983398438,314.1594543457031,225.61654663085938,351.3916320800781
2026-09-18T15:39:19.626605+00:00,spot_10,Spot 10,Occupied,2026-09-18T15:39:19.626605+00:00,238,car,0.86099773645401,0,90.00145721435547,343.8415832519531,175.95611572265625,379.5135192871094
2026-09-18T15:39:19.626605+00:00,spot_11,Spot 11,Occupied,2026-09-18T13:29:15.996818+00:00,183,car,0.6871899962425232,7806,114.48695373535156,322.8944396972656,158.67628479003906,344.0470886230469
2026-09-18T15:39:19.626605+00:00,spot_12,Spot 12,Occupied,2026-09-18T15:15:20.927395+00:00,227,car,0.6336642503738403,1431,95.27157592773438,319.31402587890625,130.21115112304688,342.67364501953125
2026-09-18T15:39:19.626605+00:00,spot_13,Spot 13,Occupied,2026-09-18T15:24:19.918109+00:00,229,car,0.6860424876213074,897,68.83323669433594,317.55029296875,96.68061828613281,336.9908447265625
2026-09-18T15:39:19.626605+00:00,spot_14,Spot 14,Empty,2026-09-18T15:36:26.203725+00:00,,,,,,,,
2026-09-18T15:39:19.626605+00:00,spot_15,Spot 15,Empty,2026-09-18T15:38:20.912972+00:00,,,,,,,,
2026-09-18T15:39:19.626605+00:00,spot_16,Spot 16,Occupied,2026-09-18T15:13:16.567297+00:00,226,car,0.4828474819660187,1564,20.433578491210938,314.93316650390625,50.09521484375,335.14227294921875
2026-09-18T15:39:19.626605+00:00,spot_17,Spot 17,Empty,2026-09-18T15:38:20.912972+00:00,,,,,,,,
2026-09-18T15:40:23.706591+00:00,spot_1,Spot 1,Occupied,2026-09-18T14:59:19.059764+00:00,219,car,0.7104570269584656,2476,575.2717895507812,312.95709228515625,614.4021606445312,356.92974853515625
2026-09-18T15:40:23.706591+00:00,spot_2,Spot 2,Occupied,2026-09-18T15:34:15.441048+00:00,234,bus,0.7168477177619934,378,497.16241455078125,291.8695068359375,558.0833129882812,369.235107421875
2026-09-18T15:40:23.706591+00:00,spot_3,Spot 3,Occupied,2026-09-18T14:25:19.764755+00:00,205,car,0.7972335815429688,4573,447.0677490234375,326.657470703125,492.6724853515625,369.0458984375
2026-09-18T15:40:23.706591+00:00,spot_4,Spot 4,Occupied,2026-09-18T14:45:18.404551+00:00,213,car,0.8668256998062134,3310,390.3484191894531,324.4579772949219,448.3005676269531,364.0025939941406
2026-09-18T15:40:23.706591+00:00,spot_5,Spot 5,Occupied,2026-09-18T14:25:19.764755+00:00,206,car,0.8644840121269226,4507,350.2110595703125,325.79754638671875,395.8526611328125,360.74700927734375
2026-09-18T15:40:23.706591+00:00,spot_6,Spot 6,Occupied,2026-09-18T13:29:15.996818+00:00,182,car,0.5996964573860168,7881,284.14898681640625,321.00372314453125,356.10980224609375,368.64923095703125
2026-09-18T15:40:23.706591+00:00,spot_7,Spot 7,Occupied,2026-09-18T13:56:26.319863+00:00,192,car,0.7362826466560364,6247,254.7141571044922,317.4906921386719,299.98297119140625,358.0130310058594
2026-09-18T15:40:23.706591+00:00,spot_8,Spot 8,Occupied,2026-09-18T15:04:12.803452+00:00,222,car,0.5146954655647278,2181,197.73399353027344,327.1959762573242,246.7286376953125,354.1584167480469
2026-09-18T15:40:23.706591+00:00,spot_9,Spot 9,Occupied,2026-09-18T14:50:24.799919+00:00,215,car,0.575492262840271,2997,147.01651000976562,313.982177734375,224.69253540039062,354.1875
2026-09-18T15:40:23.706591+00:00,spot_10,Spot 10,Empty,2026-09-18T15:40:23.706591+00:00,,,,,,,,
2026-09-18T15:40:23.706591+00:00,spot_11,Spot 11,Occupied,2026-09-18T13:29:15.996818+00:00,183,car,0.6726850271224976,7881,117.20170593261719,322.91070556640625,157.24354553222656,345.71209716796875
2026-09-18T15:40:23.706591+00:00,spot_12,Spot 12,Occupied,2026-09-18T15:15:20.927395+00:00,227,car,0.6092215776443481,1507,94.80921936035156,319.1239013671875,129.42095947265625,343.230712890625
2026-09-18T15:40:23.706591+00:00,spot_13,Spot 13,Occupied,2026-09-18T15:24:19.918109+00:00,229,car,0.6822835206985474,973,68.38639831542969,317.66217041015625,96.78959655761719,337.25274658203125
2026-09-18T15:40:23.706591+00:00,spot_14,Spot 14,Occupied,2026-09-18T15:40:23.706591+00:00,240,car,0.478961706161499,0,47.102230072021484,317.0525436401367,72.14708709716797,336.31370544433594
2026-09-18T15:40:23.706591+00:00,spot_15,Spot 15,Empty,2026-09-18T15:38:20.912972+00:00,,,,,,,,
2026-09-18T15:40:23.706591+00:00,spot_16,Spot 16,Occupied,2026-09-18T15:13:16.567297+00:00,226,car,0.420747846364975,1639,22.433460235595703,315.25901794433594,47.3564453125,333.1819076538086
2026-09-18T15:40:23.706591+00:00,spot_17,Spot 17,Empty,2026-09-18T15:38:20.912972+00:00,,,,,,,,
2026-09-18T15:41:29.631309+00:00,spot_1,Spot 1,Occupied,2026-09-18T14:59:19.059764+00:00,219,car,0.7212152481079102,2529,574.9022216796875,312.7791442871094,615.114013671875,358.3735656738281
2026-09-18T15:41:29.631309+00:00,spot_2,Spot 2,Occupied,2026-09-18T15:34:15.441048+00:00,234,truck,0.6920705437660217,432,497.19964599609375,291.53363037109375,557.6271362304688,369.2608642578125
2026-09-18T15:41:29.631309+00:00,spot_3,Spot 3,Occupied,2026-09-18T14:25:19.764755+00:00,205,car,0.693580150604248,4626,446.80560302734375,326.53912353515625,495.45465087890625,368.51513671875
2026-09-18T15:41:29.631309+00:00,spot_4,Spot 4,Occupied,2026-09-18T14:45:18.404551+00:00,213,car,0.8484491109848022,3363,390.3034362792969,323.92449951171875,447.9968566894531,364.02392578125
2026-09-18T15:41:29.631309+00:00,spot_5,Spot 5,Occupied,2026-09-18T14:25:19.764755+00:00,206,car,0.859286367893219,4561,351.09515380859375,326.1358642578125,396.00433349609375,360.63427734375
2026-09-18T15:41:29.631309+00:00,spot_6,Spot 6,Occupied,2026-09-18T13:29:15.996818+00:00,182,car,0.6981152296066284,7935,284.0240783691406,320.9379577636719,353.6181335449219,368.1299743652344
2026-09-18T15:41:29.631309+00:00,spot_7,Spot 7,Occupied,2026-09-18T13:56:26.319863+00:00,192,car,0.6968370676040649,6301,254.42474365234375,317.0563049316406,302.116943359375,358.1577453613281
2026-09-18T15:41:29.631309+00:00,spot_8,Spot 8,Occupied,2026-09-18T15:41:29.631309+00:00,239,car,0.7605212330818176,53,193.51895141601562,327.7672424316406,233.69937133789062,352.9305114746094
2026-09-18T15:41:29.631309+00:00,spot_9,Spot 9,Occupied,2026-09-18T14:50:24.799919+00:00,215,truck,0.42642560601234436,3051,145.53970336914062,313.533203125,222.50344848632812,353.79595947265625
2026-09-18T15:41:29.631309+00:00,spot_10,Spot 10,Empty,2026-09-18T15:40:23.706591+00:00,,,,,,,,
2026-09-18T15:41:29.631309+00:00,spot_11,Spot 11,Occupied,2026-09-18T13:29:15.996818+00:00,183,car,0.4937317967414856,7935,119.95634460449219,323.69244384765625,160.2778778076172,345.7982177734375
2026-09-18T15:41:29.631309+00:00,spot_12,Spot 12,Occupied,2026-09-18T15:15:20.927395+00:00,227,car,0.7168934345245361,1560,94.50509643554688,319.1475830078125,129.07603454589844,343.1715087890625
2026-09-18T15:41:29.631309+00:00,spot_13,Spot 13,Occupied,2026-09-18T15:24:19.918109+00:00,229,car,0.6818419694900513,1026,68.68162536621094,318.0250549316406,97.59959411621094,337.2015686035156
2026-09-18T15:41:29.631309+00:00,spot_14,Spot 14,Empty,2026-09-18T15:41:29.631309+00:00,,,,,,,,
2026-09-18T15:41:29.631309+00:00,spot_15,Spot 15,Empty,2026-09-18T15:38:20.912972+00:00,,,,,,,,
2026-09-18T15:41:29.631309+00:00,spot_16,Spot 16,Occupied,2026-09-18T15:13:16.567297+00:00,226,car,0.6442661881446838,1693,16.361671447753906,315.01080322265625,48.28631591796875,336.10821533203125
2026-09-18T15:41:29.631309+00:00,spot_17,Spot 17,Empty,2026-09-18T15:38:20.912972+00:00,,,,,,,,
2026-09-18T15:42:13.066536+00:00,spot_1,Spot 1,Occupied,2026-09-18T14:59:19.059764+00:00,219,car,0.43885377049446106,2575,574.8323364257812,312.7052917480469,614.6163940429688,357.7862243652344
2026-09-18T15:42:13.066536+00:00,spot_2,Spot 2,Occupied,2026-09-18T15:34:15.441048+00:00,234,bus,0.5512668490409851,478,497.57562255859375,290.68707275390625,557.2783813476562,368.4755859375
2026-09-18T15:42:13.066536+00:00,spot_3,Spot 3,Occupied,2026-09-18T14:25:19.764755+00:00,205,car,0.7123258113861084,4672,446.984375,326.47052001953125,490.7518310546875,369.81976318359375
2026-09-18T15:42:13.066536+00:00,spot_4,Spot 4,Occupied,2026-09-18T14:45:18.404551+00:00,213,car,0.8217200636863708,3409,390.2589111328125,324.2120056152344,448.6502685546875,364.7227478027344
2026-09-18T15:42:13.066536+00:00,spot_5,Spot 5,Occupied,2026-09-18T14:25:19.764755+00:00,206,car,0.8456650972366333,4606,350.1144104003906,326.2960205078125,396.3113708496094,361.90228271484375
2026-09-18T15:42:13.066536+00:00,spot_6,Spot 6,Occupied,2026-09-18T13:29:15.996818+00:00,182,car,0.780670166015625,7981,283.91937255859375,321.2519226074219,353.19659423828125,368.8278503417969
2026-09-18T15:42:13.066536+00:00,spot_7,Spot 7,Occupied,2026-09-18T13:56:26.319863+00:00,192,car,0.6914656162261963,6347,254.37417602539062,317.73297119140625,298.0157165527344,357.86175537109375
2026-09-18T15:42:13.066536+00:00,spot_8,Spot 8,Occupied,2026-09-18T15:41:29.631309+00:00,239,car,0.5066681504249573,99,195.79869079589844,326.82081604003906,246.78065490722656,354.72454833984375
2026-09-18T15:42:13.066536+00:00,spot_9,Spot 9,Occupied,2026-09-18T14:50:24.799919+00:00,215,car,0.5495926737785339,3096,145.89508056640625,314.38140869140625,224.09844970703125,353.76666259765625
2026-09-18T15:42:13.066536+00:00,spot_10,Spot 10,Empty,2026-09-18T15:40:23.706591+00:00,,,,,,,,
2026-09-18T15:42:13.066536+00:00,spot_11,Spot 11,Occupied,2026-09-18T13:29:15.996818+00:00,183,car,0.5307241678237915,7981,119.10250854492188,323.460205078125,157.2459716796875,345.595458984375
2026-09-18T15:42:13.066536+00:00,spot_12,Spot 12,Occupied,2026-09-18T15:15:20.927395+00:00,227,car,0.35590431094169617,1606,95.48825073242188,319.3350524902344,128.60794067382812,343.2267761230469
2026-09-18T15:42:13.066536+00:00,spot_13,Spot 13,Occupied,2026-09-18T15:24:19.918109+00:00,229,car,0.4933673143386841,1072,67.46873474121094,318.75457763671875,103.60511779785156,336.99810791015625
2026-09-18T15:42:13.066536+00:00,spot_14,Spot 14,Occupied,2026-09-18T15:42:13.066536+00:00,241,truck,0.7938851714134216,0,15.179840087890625,330.5290222167969,84.47023010253906,369.2586975097656
2026-09-18T15:42:13.066536+00:00,spot_15,Spot 15,Empty,2026-09-18T15:38:20.912972+00:00,,,,,,,,
2026-09-18T15:42:13.066536+00:00,spot_16,Spot 16,Occupied,2026-09-18T15:13:16.567297+00:00,226,car,0.19962078332901,1738,21.200334548950195,314.95813751220703,49.717933654785156,329.12776947021484
2026-09-18T15:42:13.066536+00:00,spot_17,Spot 17,Empty,2026-09-18T15:38:20.912972+00:00,,,,,,,,
2026-09-18T15:43:14.010768+00:00,spot_1,Spot 1,Occupied,2026-09-18T14:59:19.059764+00:00,219,car,0.5193260908126831,2634,575.5149536132812,312.2679443359375,614.2771606445312,357.25146484375
2026-09-18T15:43:14.010768+00:00,spot_2,Spot 2,Occupied,2026-09-18T15:34:15.441048+00:00,234,truck,0.5343491435050964,536,497.07025146484375,293.1761474609375,558.1920776367188,368.12921142578125
2026-09-18T15:43:14.010768+00:00,spot_3,Spot 3,Occupied,2026-09-18T14:25:19.764755+00:00,205,car,0.6167868375778198,4731,448.22784423828125,323.424072265625,492.38348388671875,369.7783203125
2026-09-18T15:43:14.010768+00:00,spot_4,Spot 4,Occupied,2026-09-18T14:45:18.404551+00:00,213,car,0.8777570128440857,3467,390.1016845703125,324.03485107421875,449.02362060546875,365.53662109375
2026-09-18T15:43:14.010768+00:00,spot_5,Spot 5,Occupied,2026-09-18T14:25:19.764755+00:00,206,car,0.8519107699394226,4665,350.34527587890625,325.36041259765625,396.81781005859375,360.64337158203125
2026-09-18T15:43:14.010768+00:00,spot_6,Spot 6,Occupied,2026-09-18T13:29:15.996818+00:00,182,car,0.8159512281417847,8039,283.8358459472656,320.868896484375,354.2391662597656,368.92279052734375
2026-09-18T15:43:14.010768+00:00,spot_7,Spot 7,Occupied,2026-09-18T13:56:26.319863+00:00,192,car,0.6339860558509827,6405,254.81976318359375,316.4097900390625,302.28118896484375,358.451171875
2026-09-18T15:43:14.010768+00:00,spot_8,Spot 8,Occupied,2026-09-18T15:41:29.631309+00:00,239,car,0.7384652495384216,157,194.80953979492188,327.57904052734375,239.83956909179688,352.99755859375
2026-09-18T15:43:14.010768+00:00,spot_9,Spot 9,Occupied,2026-09-18T14:50:24.799919+00:00,215,car,0.519598662853241,3155,145.9647216796875,314.02117919921875,224.74554443359375,353.78497314453125
2026-09-18T15:43:14.010768+00:00,spot_10,Spot 10,Empty,2026-09-18T15:40:23.706591+00:00,,,,,,,,
2026-09-18T15:43:14.010768+00:00,spot_11,Spot 11,Occupied,2026-09-18T13:29:15.996818+00:00,183,car,0.6844279766082764,8039,116.6009750366211,323.5547790527344,157.47268676757812,345.9446105957031
2026-09-18T15:43:14.010768+00:00,spot_12,Spot 12,Occupied,2026-09-18T15:15:20.927395+00:00,227,car,0.5407609343528748,1665,95.04878997802734,319.4864501953125,127.60559844970703,342.9566650390625
2026-09-18T15:43:14.010768+00:00,spot_13,Spot 13,Occupied,2026-09-18T15:24:19.918109+00:00,229,car,0.6371253728866577,1131,68.48074340820312,317.94305419921875,97.82537841796875,337.42462158203125
2026-09-18T15:43:14.010768+00:00,spot_14,Spot 14,Empty,2026-09-18T15:43:14.010768+00:00,,,,,,,,
2026-09-18T15:43:14.010768+00:00,spot_15,Spot 15,Occupied,2026-09-18T15:43:14.010768+00:00,242,car,0.4726480543613434,0,45.84546661376953,318.4699401855469,70.97828674316406,337.0625305175781
2026-09-18T15:43:14.010768+00:00,spot_16,Spot 16,Empty,2026-09-18T15:43:14.010768+00:00,,,,,,,,
2026-09-18T15:43:14.010768+00:00,spot_17,Spot 17,Empty,2026-09-18T15:38:20.912972+00:00,,,,,,,,
2026-09-18T15:44:14.525202+00:00,spot_1,Spot 1,Occupied,2026-09-18T14:59:19.059764+00:00,219,car,0.755466103553772,2697,575.1094360351562,312.6498718261719,614.3058471679688,358.0024719238281
2026-09-18T15:44:14.525202+00:00,spot_2,Spot 2,Occupied,2026-09-18T15:34:15.441048+00:00,234,bus,0.682617723941803,599,496.8070068359375,291.92291259765625,557.1151123046875,368.17144775390625
2026-09-18T15:44:14.525202+00:00,spot_3,Spot 3,Occupied,2026-09-18T14:25:19.764755+00:00,205,car,0.7748235464096069,4794,446.76641845703125,318.54913330078125,497.697509765625,368.51287841796875
2026-09-18T15:44:14.525202+00:00,spot_4,Spot 4,Occupied,2026-09-18T14:45:18.404551+00:00,213,car,0.8582167625427246,3530,390.2348937988281,324.08367919921875,448.6097717285156,364.48651123046875
2026-09-18T15:44:14.525202+00:00,spot_5,Spot 5,Occupied,2026-09-18T14:25:19.764755+00:00,206,car,0.8348720073699951,4728,351.01953125,324.87445068359375,396.22894287109375,361.12249755859375
2026-09-18T15:44:14.525202+00:00,spot_6,Spot 6,Occupied,2026-09-18T13:29:15.996818+00:00,182,car,0.5750434994697571,8102,284.20953369140625,321.01513671875,353.23675537109375,368.6510009765625
2026-09-18T15:44:14.525202+00:00,spot_7,Spot 7,Occupied,2026-09-18T13:56:26.319863+00:00,192,car,0.5698280930519104,6468,254.2886199951172,324.6964111328125,297.95953369140625,357.742919921875
2026-09-18T15:44:14.525202+00:00,spot_8,Spot 8,Occupied,2026-09-18T15:41:29.631309+00:00,239,car,0.6222057938575745,220,220.72869873046875,327.17431640625,258.4583740234375,356.63055419921875
2026-09-18T15:44:14.525202+00:00,spot_9,Spot 9,Occupied,2026-09-18T14:50:24.799919+00:00,215,car,0.7055673599243164,3218,148.45327758789062,313.2833251953125,225.82427978515625,353.26318359375
2026-09-18T15:44:14.525202+00:00,spot_10,Spot 10,Empty,2026-09-18T15:40:23.706591+00:00,,,,,,,,
2026-09-18T15:44:14.525202+00:00,spot_11,Spot 11,Occupied,2026-09-18T13:29:15.996818+00:00,183,car,0.5722606182098389,8102,121.16507720947266,323.65338134765625,157.33352661132812,345.982666015625
2026-09-18T15:44:14.525202+00:00,spot_12,Spot 12,Occupied,2026-09-18T15:15:20.927395+00:00,227,car,0.6370217204093933,1727,94.9573974609375,319.78643798828125,129.22177124023438,343.22491455078125
2026-09-18T15:44:14.525202+00:00,spot_13,Spot 13,Occupied,2026-09-18T15:24:19.918109+00:00,229,car,0.5667858123779297,1194,68.7894287109375,318.4964599609375,97.53695678710938,337.3876953125
2026-09-18T15:44:14.525202+00:00,spot_14,Spot 14,Empty,2026-09-18T15:43:14.010768+00:00,,,,,,,,
2026-09-18T15:44:14.525202+00:00,spot_15,Spot 15,Occupied,2026-09-18T15:43:14.010768+00:00,242,car,0.38248175382614136,62,44.904022216796875,317.60052490234375,71.37358856201172,337.2353515625
2026-09-18T15:44:14.525202+00:00,spot_16,Spot 16,Occupied,2026-09-18T15:44:14.525202+00:00,244,car,0.520825982093811,0,15.110015869140625,315.63037109375,54.49504852294922,335.8863525390625
2026-09-18T15:44:14.525202+00:00,spot_17,Spot 17,Empty,2026-09-18T15:38:20.912972+00:00,,,,,,,,
2026-09-18T15:45:19.027260+00:00,spot_1,Spot 1,Occupied,2026-09-18T14:59:19.059764+00:00,219,car,0.46591901779174805,2765,574.853759765625,312.18798828125,614.6107177734375,357.84918212890625
2026-09-18T15:45:19.027260+00:00,spot_2,Spot 2,Occupied,2026-09-18T15:34:15.441048+00:00,234,bus,0.8581336140632629,668,497.7041931152344,291.9708251953125,556.9730224609375,367.8436279296875
2026-09-18T15:45:19.027260+00:00,spot_3,Spot 3,Occupied,2026-09-18T14:25:19.764755+00:00,205,car,0.7094334959983826,4862,446.88079833984375,321.62384033203125,491.41070556640625,368.1258544921875
2026-09-18T15:45:19.027260+00:00,spot_4,Spot 4,Occupied,2026-09-18T14:45:18.404551+00:00,213,car,0.858749270439148,3599,390.1588439941406,324.21240234375,448.6686706542969,364.6405029296875
2026-09-18T15:45:19.027260+00:00,spot_5,Spot 5,Occupied,2026-09-18T14:25:19.764755+00:00,206,car,0.8453426957130432,4797,350.2915954589844,326.09991455078125,395.1456604003906,360.54547119140625
2026-09-18T15:45:19.027260+00:00,spot_6,Spot 6,Occupied,2026-09-18T13:29:15.996818+00:00,182,car,0.5702093243598938,8171,283.7750244140625,321.06500244140625,352.09222412109375,368.980224609375
2026-09-18T15:45:19.027260+00:00,spot_7,Spot 7,Occupied,2026-09-18T13:56:26.319863+00:00,192,car,0.5747221112251282,6537,254.37652587890625,317.31011962890625,298.1424560546875,357.888671875
2026-09-18T15:45:19.027260+00:00,spot_8,Spot 8,Occupied,2026-09-18T15:45:19.027260+00:00,243,car,0.6382870078086853,68,193.77418518066406,327.3651123046875,234.94190979003906,353.0960693359375
2026-09-18T15:45:19.027260+00:00,spot_9,Spot 9,Occupied,2026-09-18T14:50:24.799919+00:00,215,car,0.6146939992904663,3287,147.31582641601562,312.649169921875,225.46908569335938,354.546875
2026-09-18T15:45:19.027260+00:00,spot_10,Spot 10,Empty,2026-09-18T15:40:23.706591+00:00,,,,,,,,
2026-09-18T15:45:19.027260+00:00,spot_11,Spot 11,Occupied,2026-09-18T13:29:15.996818+00:00,183,car,0.684724748134613,8171,114.27001953125,322.67303466796875,157.43856811523438,345.35687255859375
2026-09-18T15:45:19.027260+00:00,spot_12,Spot 12,Occupied,2026-09-18T15:15:20.927395+00:00,227,car,0.2793346345424652,1796,69.70504760742188,317.20323944091797,125.79496765136719,341.2511672973633
2026-09-18T15:45:19.027260+00:00,spot_13,Spot 13,Occupied,2026-09-18T15:24:19.918109+00:00,229,car,0.39280733466148376,1262,69.93441009521484,317.1354217529297,96.68291473388672,338.7235412597656
2026-09-18T15:45:19.027260+00:00,spot_14,Spot 14,Empty,2026-09-18T15:43:14.010768+00:00,,,,,,,,
2026-09-18T15:45:19.027260+00:00,spot_15,Spot 15,Empty,2026-09-18T15:45:19.027260+00:00,,,,,,,,
2026-09-18T15:45:19.027260+00:00,spot_16,Spot 16,Occupied,2026-09-18T15:44:14.525202+00:00,244,bus,0.7026939988136292,68,13.81924057006836,322.2441711425781,58.13370895385742,357.5328063964844
2026-09-18T15:45:19.027260+00:00,spot_17,Spot 17,Empty,2026-09-18T15:38:20.912972+00:00,,,,,,,,
2026-09-18T15:46:28.863372+00:00,spot_1,Spot 1,Occupied,2026-09-18T14:59:19.059764+00:00,219,car,0.5944716930389404,2832,574.7451171875,312.630126953125,614.271240234375,358.090576171875
2026-09-18T15:46:28.863372+00:00,spot_2,Spot 2,Occupied,2026-09-18T15:34:15.441048+00:00,234,bus,0.42664092779159546,735,497.0810546875,289.65283203125,557.0498046875,368.42431640625
2026-09-18T15:46:28.863372+00:00,spot_3,Spot 3,Occupied,2026-09-18T14:25:19.764755+00:00,205,car,0.7149865031242371,4929,446.8968505859375,326.0065612792969,490.737548828125,369.2633361816406
2026-09-18T15:46:28.863372+00:00,spot_4,Spot 4,Occupied,2026-09-18T14:45:18.404551+00:00,213,car,0.8705847263336182,3666,390.4794921875,323.8830261230469,448.54443359375,364.8410949707031
2026-09-18T15:46:28.863372+00:00,spot_5,Spot 5,Occupied,2026-09-18T14:25:19.764755+00:00,206,car,0.8337670564651489,4864,350.34820556640625,324.9588317871094,397.31622314453125,360.5741882324219
2026-09-18T15:46:28.863372+00:00,spot_6,Spot 6,Occupied,2026-09-18T13:29:15.996818+00:00,182,car,0.45606887340545654,8238,284.25543212890625,320.99188232421875,359.219970703125,368.45159912109375
2026-09-18T15:46:28.863372+00:00,spot_7,Spot 7,Occupied,2026-09-18T13:56:26.319863+00:00,192,car,0.6856609582901001,6604,254.83187866210938,316.8524169921875,298.1312561035156,358.0625
2026-09-18T15:46:28.863372+00:00,spot_8,Spot 8,Occupied,2026-09-18T15:45:19.027260+00:00,243,car,0.5230544209480286,135,195.907470703125,327.3167953491211,246.64102172851562,354.73358154296875
2026-09-18T15:46:28.863372+00:00,spot_9,Spot 9,Occupied,2026-09-18T14:50:24.799919+00:00,215,truck,0.5565102100372314,3354,148.08526611328125,313.75376892089844,224.3390350341797,353.09559631347656
2026-09-18T15:46:28.863372+00:00,spot_10,Spot 10,Empty,2026-09-18T15:40:23.706591+00:00,,,,,,,,
2026-09-18T15:46:28.863372+00:00,spot_11,Spot 11,Occupied,2026-09-18T13:29:15.996818+00:00,183,car,0.7463076710700989,8238,117.25973510742188,322.8079528808594,156.63534545898438,345.6223449707031
2026-09-18T15:46:28.863372+00:00,spot_12,Spot 12,Occupied,2026-09-18T15:15:20.927395+00:00,227,car,0.5996919274330139,1863,94.82807922363281,319.03936767578125,129.52638244628906,342.70440673828125
2026-09-18T15:46:28.863372+00:00,spot_13,Spot 13,Occupied,2026-09-18T15:24:19.918109+00:00,229,car,0.35726022720336914,1329,69.32915496826172,317.6373596191406,96.12187957763672,337.0335998535156
2026-09-18T15:46:28.863372+00:00,spot_14,Spot 14,Occupied,2026-09-18T15:46:28.863372+00:00,246,car,0.6335548162460327,0,47.01707458496094,319.3897399902344,71.60353088378906,337.1938781738281
2026-09-18T15:46:28.863372+00:00,spot_15,Spot 15,Empty,2026-09-18T15:45:19.027260+00:00,,,,,,,,
2026-09-18T15:46:28.863372+00:00,spot_16,Spot 16,Occupied,2026-09-18T15:44:14.525202+00:00,244,car,0.6503311395645142,135,19.009353637695312,315.2911071777344,52.212867736816406,335.3888854980469
2026-09-18T15:46:28.863372+00:00,spot_17,Spot 17,Empty,2026-09-18T15:38:20.912972+00:00,,,,,,,,
2026-09-18T15:47:17.357913+00:00,spot_1,Spot 1,Occupied,2026-09-18T14:59:19.059764+00:00,219,car,0.7622920870780945,2879,574.9602661132812,312.6961669921875,614.4461059570312,357.69140625
2026-09-18T15:47:17.357913+00:00,spot_2,Spot 2,Occupied,2026-09-18T15:34:15.441048+00:00,234,bus,0.7486225366592407,782,497.376953125,289.996826171875,557.2498779296875,367.7462158203125
2026-09-18T15:47:17.357913+00:00,spot_3,Spot 3,Occupied,2026-09-18T14:25:19.764755+00:00,205,car,0.7432562708854675,4976,446.88665771484375,325.96771240234375,490.76458740234375,368.37542724609375
2026-09-18T15:47:17.357913+00:00,spot_4,Spot 4,Occupied,2026-09-18T14:45:18.404551+00:00,213,car,0.8240935206413269,3713,390.538818359375,323.9593200683594,448.5775146484375,364.4911804199219
2026-09-18T15:47:17.357913+00:00,spot_5,Spot 5,Occupied,2026-09-18T14:25:19.764755+00:00,206,car,0.8501164317131042,4910,349.6263732910156,325.2489318847656,396.0636291503906,360.8027038574219
2026-09-18T15:47:17.357913+00:00,spot_6,Spot 6,Occupied,2026-09-18T13:29:15.996818+00:00,182,truck,0.5130013823509216,8285,283.96820068359375,320.87158203125,353.62158203125,368.5916748046875
2026-09-18T15:47:17.357913+00:00,spot_7,Spot 7,Occupied,2026-09-18T13:56:26.319863+00:00,192,car,0.6616893410682678,6651,254.61236572265625,318.3507385253906,298.40374755859375,358.9787902832031
2026-09-18T15:47:17.357913+00:00,spot_8,Spot 8,Occupied,2026-09-18T15:45:19.027260+00:00,243,car,0.41082343459129333,182,197.24972534179688,328.7083740234375,224.6945343017578,350.74214935302734
2026-09-18T15:47:17.357913+00:00,spot_9,Spot 9,Occupied,2026-09-18T14:50:24.799919+00:00,215,car,0.7513847351074219,3400,148.4927520751953,313.8572998046875,225.19740295410156,353.894287109375
2026-09-18T15:47:17.357913+00:00,spot_10,Spot 10,Empty,2026-09-18T15:40:23.706591+00:00,,,,,,,,
2026-09-18T15:47:17.357913+00:00,spot_11,Spot 11,Occupied,2026-09-18T13:29:15.996818+00:00,183,car,0.7755573391914368,8285,116.14016723632812,322.8643798828125,156.71084594726562,345.42236328125
2026-09-18T15:47:17.357913+00:00,spot_12,Spot 12,Occupied,2026-09-18T15:15:20.927395+00:00,227,car,0.43736395239830017,1910,75.77670288085938,318.1475830078125,128.50564575195312,343.018798828125
2026-09-18T15:47:17.357913+00:00,spot_13,Spot 13,Occupied,2026-09-18T15:24:19.918109+00:00,229,car,0.5402472019195557,1376,68.28783416748047,317.46295166015625,96.42589569091797,337.30584716796875
2026-09-18T15:47:17.357913+00:00,spot_14,Spot 14,Empty,2026-09-18T15:47:17.357913+00:00,,,,,,,,
2026-09-18T15:47:17.357913+00:00,spot_15,Spot 15,Occupied,2026-09-18T15:47:17.357913+00:00,248,car,0.5150134563446045,0,45.71495056152344,317.39532470703125,70.31070709228516,336.90631103515625
2026-09-18T15:47:17.357913+00:00,spot_16,Spot 16,Occupied,2026-09-18T15:44:14.525202+00:00,244,car,0.6375724077224731,182,19.986059188842773,314.7650146484375,51.167518615722656,335.74224853515625
2026-09-18T15:47:17.357913+00:00,spot_17,Spot 17,Empty,2026-09-18T15:38:20.912972+00:00,,,,,,,,
2026-09-18T15:48:23.034005+00:00,spot_1,Spot 1,Occupied,2026-09-18T14:59:19.059764+00:00,219,car,0.7203795909881592,2946,574.9688720703125,312.6920166015625,614.1275634765625,358.4644775390625
2026-09-18T15:48:23.034005+00:00,spot_2,Spot 2,Occupied,2026-09-18T15:34:15.441048+00:00,234,truck,0.5667591094970703,849,497.04833984375,290.8923645019531,558.072021484375,368.2938537597656
2026-09-18T15:48:23.034005+00:00,spot_3,Spot 3,Occupied,2026-09-18T14:25:19.764755+00:00,205,car,0.7330510020256042,5043,447.14739990234375,324.61456298828125,492.06683349609375,369.4627685546875
2026-09-18T15:48:23.034005+00:00,spot_4,Spot 4,Occupied,2026-09-18T14:45:18.404551+00:00,213,car,0.8628810048103333,3780,390.5043029785156,323.7098693847656,448.2396545410156,364.4511413574219
2026-09-18T15:48:23.034005+00:00,spot_5,Spot 5,Occupied,2026-09-18T14:25:19.764755+00:00,206,car,0.8124386072158813,4978,350.746337890625,325.6968688964844,396.48968505859375,360.5439758300781
2026-09-18T15:48:23.034005+00:00,spot_6,Spot 6,Occupied,2026-09-18T13:29:15.996818+00:00,182,car,0.6920784711837769,8352,284.4315185546875,320.767578125,353.10302734375,368.7718505859375
2026-09-18T15:48:23.034005+00:00,spot_7,Spot 7,Occupied,2026-09-18T13:56:26.319863+00:00,192,car,0.6323703527450562,6718,253.9821319580078,315.48486328125,298.62969970703125,358.7598876953125
2026-09-18T15:48:23.034005+00:00,spot_8,Spot 8,Occupied,2026-09-18T15:48:23.034005+00:00,247,car,0.3793759047985077,67,221.60137939453125,327.3585510253906,259.208251953125,355.2108459472656
2026-09-18T15:48:23.034005+00:00,spot_9,Spot 9,Occupied,2026-09-18T14:50:24.799919+00:00,215,car,0.7564171552658081,3468,146.24972534179688,313.88934326171875,224.984130859375,353.26568603515625
2026-09-18T15:48:23.034005+00:00,spot_10,Spot 10,Occupied,2026-09-18T15:48:23.034005+00:00,249,car,0.5315755605697632,0,128.43582153320312,323.00518798828125,164.46023559570312,347.73797607421875
2026-09-18T15:48:23.034005+00:00,spot_11,Spot 11,Occupied,2026-09-18T13:29:15.996818+00:00,183,car,0.45853880047798157,8352,112.75982666015625,323.0152893066406,144.249267578125,344.6491394042969
2026-09-18T15:48:23.034005+00:00,spot_12,Spot 12,Empty,2026-09-18T15:48:23.034005+00:00,,,,,,,,
2026-09-18T15:48:23.034005+00:00,spot_13,Spot 13,Occupied,2026-09-18T15:24:19.918109+00:00,229,car,0.5511748194694519,1443,68.62174987792969,317.32586669921875,97.50132751464844,337.40631103515625
2026-09-18T15:48:23.034005+00:00,spot_14,Spot 14,Empty,2026-09-18T15:47:17.357913+00:00,,,,,,,,
2026-09-18T15:48:23.034005+00:00,spot_15,Spot 15,Occupied,2026-09-18T15:47:17.357913+00:00,248,car,0.4500010311603546,67,17.60523796081543,314.719970703125,69.51849365234375,336.6551513671875
2026-09-18T15:48:23.034005+00:00,spot_16,Spot 16,Empty,2026-09-18T15:48:23.034005+00:00,,,,,,,,
2026-09-18T15:48:23.034005+00:00,spot_17,Spot 17,Empty,2026-09-18T15:38:20.912972+00:00,,,,,,,,
2026-09-18T15:49:17.699031+00:00,spot_1,Spot 1,Occupied,2026-09-18T14:59:19.059764+00:00,219,car,0.847504734992981,2999,575.1793212890625,312.80230712890625,614.153564453125,357.41497802734375
2026-09-18T15:49:17.699031+00:00,spot_2,Spot 2,Occupied,2026-09-18T15:34:15.441048+00:00,234,truck,0.7116228938102722,901,497.49603271484375,292.1540832519531,557.6448364257812,368.7815246582031
2026-09-18T15:49:17.699031+00:00,spot_3,Spot 3,Occupied,2026-09-18T14:25:19.764755+00:00,205,car,0.799880862236023,5096,446.8860778808594,319.81512451171875,496.8896179199219,369.6812744140625
2026-09-18T15:49:17.699031+00:00,spot_4,Spot 4,Occupied,2026-09-18T14:45:18.404551+00:00,213,car,0.8314141631126404,3833,390.48223876953125,323.83184814453125,448.35662841796875,364.97320556640625
2026-09-18T15:49:17.699031+00:00,spot_5,Spot 5,Occupied,2026-09-18T14:25:19.764755+00:00,206,car,0.8352786898612976,5030,348.93988037109375,326.11944580078125,395.57781982421875,360.65887451171875
2026-09-18T15:49:17.699031+00:00,spot_6,Spot 6,Occupied,2026-09-18T13:29:15.996818+00:00,182,car,0.7311925888061523,8404,283.8717041015625,320.8021545410156,351.3299560546875,369.1457824707031
2026-09-18T15:49:17.699031+00:00,spot_7,Spot 7,Occupied,2026-09-18T13:56:26.319863+00:00,192,car,0.6604093909263611,6770,254.1121063232422,317.64544677734375,300.04608154296875,358.30450439453125
2026-09-18T15:49:17.699031+00:00,spot_8,Spot 8,Occupied,2026-09-18T15:48:23.034005+00:00,247,car,0.5221964716911316,119,191.6893310546875,327.82403564453125,227.75927734375,353.43682861328125
2026-09-18T15:49:17.699031+00:00,spot_9,Spot 9,Occupied,2026-09-18T14:50:24.799919+00:00,215,car,0.6760280132293701,3520,143.01638793945312,313.9966125488281,224.43350219726562,353.0053405761719
2026-09-18T15:49:17.699031+00:00,spot_10,Spot 10,Empty,2026-09-18T15:49:17.699031+00:00,,,,,,,,
2026-09-18T15:49:17.699031+00:00,spot_11,Spot 11,Empty,2026-09-18T15:49:17.699031+00:00,,,,,,,,
2026-09-18T15:49:17.699031+00:00,spot_12,Spot 12,Empty,2026-09-18T15:48:23.034005+00:00,,,,,,,,
2026-09-18T15:49:17.699031+00:00,spot_13,Spot 13,Occupied,2026-09-18T15:24:19.918109+00:00,229,car,0.6171985864639282,1496,68.8017807006836,317.5990295410156,96.7656478881836,338.6224670410156
2026-09-18T15:49:17.699031+00:00,spot_14,Spot 14,Empty,2026-09-18T15:47:17.357913+00:00,,,,,,,,
2026-09-18T15:49:17.699031+00:00,spot_15,Spot 15,Empty,2026-09-18T15:49:17.699031+00:00,,,,,,,,
2026-09-18T15:49:17.699031+00:00,spot_16,Spot 16,Empty,2026-09-18T15:48:23.034005+00:00,,,,,,,,
2026-09-18T15:49:17.699031+00:00,spot_17,Spot 17,Empty,2026-09-18T15:38:20.912972+00:00,,,,,,,,
2026-09-18T15:50:23.024171+00:00,spot_1,Spot 1,Occupied,2026-09-18T14:59:19.059764+00:00,219,car,0.7163565754890442,3074,574.64990234375,312.20111083984375,615.000244140625,357.403076171875
2026-09-18T15:50:23.024171+00:00,spot_2,Spot 2,Occupied,2026-09-18T15:34:15.441048+00:00,234,bus,0.438027024269104,977,497.25689697265625,290.77862548828125,558.3131713867188,367.46124267578125
2026-09-18T15:50:23.024171+00:00,spot_3,Spot 3,Occupied,2026-09-18T14:25:19.764755+00:00,205,car,0.7641409635543823,5171,447.11236572265625,326.00787353515625,495.66302490234375,368.85028076171875
2026-09-18T15:50:23.024171+00:00,spot_4,Spot 4,Occupied,2026-09-18T14:45:18.404551+00:00,213,car,0.8524215221405029,3908,390.182373046875,323.7720947265625,449.0633544921875,364.1717529296875
2026-09-18T15:50:23.024171+00:00,spot_5,Spot 5,Occupied,2026-09-18T14:25:19.764755+00:00,206,car,0.8538263440132141,5105,351.01629638671875,325.50439453125,395.60955810546875,360.6046142578125
2026-09-18T15:50:23.024171+00:00,spot_6,Spot 6,Occupied,2026-09-18T13:29:15.996818+00:00,182,car,0.4831932485103607,8480,284.09027099609375,320.52435302734375,351.35675048828125,368.99359130859375
2026-09-18T15:50:23.024171+00:00,spot_7,Spot 7,Occupied,2026-09-18T13:56:26.319863+00:00,192,car,0.697757363319397,6846,254.1487274169922,316.92974853515625,303.49859619140625,358.70635986328125
2026-09-18T15:50:23.024171+00:00,spot_8,Spot 8,Occupied,2026-09-18T15:48:23.034005+00:00,247,car,0.4066035747528076,194,192.1454620361328,327.0434875488281,239.4465789794922,353.6203918457031
2026-09-18T15:50:23.024171+00:00,spot_9,Spot 9,Occupied,2026-09-18T14:50:24.799919+00:00,215,car,0.37475764751434326,3595,157.74948120117188,313.4289245605469,225.00192260742188,353.4400329589844
2026-09-18T15:50:23.024171+00:00,spot_10,Spot 10,Empty,2026-09-18T15:49:17.699031+00:00,,,,,,,,
2026-09-18T15:50:23.024171+00:00,spot_11,Spot 11,Empty,2026-09-18T15:49:17.699031+00:00,,,,,,,,
2026-09-18T15:50:23.024171+00:00,spot_12,Spot 12,Occupied,2026-09-18T15:50:23.024171+00:00,251,car,0.3959764838218689,0,94.36044311523438,319.1089782714844,127.65817260742188,342.8426818847656
2026-09-18T15:50:23.024171+00:00,spot_13,Spot 13,Occupied,2026-09-18T15:24:19.918109+00:00,229,car,0.6150081753730774,1571,69.13678741455078,317.76837158203125,96.92752838134766,339.06500244140625
2026-09-18T15:50:23.024171+00:00,spot_14,Spot 14,Empty,2026-09-18T15:47:17.357913+00:00,,,,,,,,
2026-09-18T15:50:23.024171+00:00,spot_15,Spot 15,Empty,2026-09-18T15:49:17.699031+00:00,,,,,,,,
2026-09-18T15:50:23.024171+00:00,spot_16,Spot 16,Occupied,2026-09-18T15:50:23.024171+00:00,250,car,0.5311163067817688,0,18.06201171875,314.97979736328125,55.01470184326172,335.48809814453125
2026-09-18T15:50:23.024171+00:00,spot_17,Spot 17,Empty,2026-09-18T15:38:20.912972+00:00,,,,,,,,
2026-09-18T15:51:18.477944+00:00,spot_1,Spot 1,Occupied,2026-09-18T14:59:19.059764+00:00,219,car,0.7163565754890442,3119,574.64990234375,312.20111083984375,615.000244140625,357.403076171875
2026-09-18T15:51:18.477944+00:00,spot_2,Spot 2,Occupied,2026-09-18T15:34:15.441048+00:00,234,bus,0.438027024269104,1021,497.25689697265625,290.77862548828125,558.3131713867188,367.46124267578125
2026-09-18T15:51:18.477944+00:00,spot_3,Spot 3,Occupied,2026-09-18T14:25:19.764755+00:00,205,car,0.7641409635543823,5216,447.11236572265625,326.00787353515625,495.66302490234375,368.85028076171875
2026-09-18T15:51:18.477944+00:00,spot_4,Spot 4,Occupied,2026-09-18T14:45:18.404551+00:00,213,car,0.8524215221405029,3952,390.182373046875,323.7720947265625,449.0633544921875,364.1717529296875
2026-09-18T15:51:18.477944+00:00,spot_5,Spot 5,Occupied,2026-09-18T14:25:19.764755+00:00,206,car,0.8538263440132141,5150,351.01629638671875,325.50439453125,395.60955810546875,360.6046142578125
2026-09-18T15:51:18.477944+00:00,spot_6,Spot 6,Occupied,2026-09-18T13:29:15.996818+00:00,182,car,0.4831932485103607,8524,284.09027099609375,320.52435302734375,351.35675048828125,368.99359130859375
2026-09-18T15:51:18.477944+00:00,spot_7,Spot 7,Occupied,2026-09-18T13:56:26.319863+00:00,192,car,0.697757363319397,6890,254.1487274169922,316.92974853515625,303.49859619140625,358.70635986328125
2026-09-18T15:51:18.477944+00:00,spot_8,Spot 8,Occupied,2026-09-18T15:48:23.034005+00:00,247,car,0.4066035747528076,239,192.1454620361328,327.0434875488281,239.4465789794922,353.6203918457031
2026-09-18T15:51:18.477944+00:00,spot_9,Spot 9,Occupied,2026-09-18T14:50:24.799919+00:00,215,car,0.37475764751434326,3640,157.74948120117188,313.4289245605469,225.00192260742188,353.4400329589844
2026-09-18T15:51:18.477944+00:00,spot_10,Spot 10,Empty,2026-09-18T15:49:17.699031+00:00,,,,,,,,
2026-09-18T15:51:18.477944+00:00,spot_11,Spot 11,Empty,2026-09-18T15:49:17.699031+00:00,,,,,,,,
2026-09-18T15:51:18.477944+00:00,spot_12,Spot 12,Occupied,2026-09-18T15:50:23.024171+00:00,251,car,0.3959764838218689,44,94.36044311523438,319.1089782714844,127.65817260742188,342.8426818847656
2026-09-18T15:51:18.477944+00:00,spot_13,Spot 13,Occupied,2026-09-18T15:24:19.918109+00:00,229,car,0.6150081753730774,1616,69.13678741455078,317.76837158203125,96.92752838134766,339.06500244140625
2026-09-18T15:51:18.477944+00:00,spot_14,Spot 14,Empty,2026-09-18T15:47:17.357913+00:00,,,,,,,,
2026-09-18T15:51:18.477944+00:00,spot_15,Spot 15,Empty,2026-09-18T15:49:17.699031+00:00,,,,,,,,
2026-09-18T15:51:18.477944+00:00,spot_16,Spot 16,Occupied,2026-09-18T15:50:23.024171+00:00,250,car,0.5311163067817688,44,18.06201171875,314.97979736328125,55.01470184326172,335.48809814453125
2026-09-18T15:51:18.477944+00:00,spot_17,Spot 17,Empty,2026-09-18T15:38:20.912972+00:00,,,,,,,,
2026-09-18T15:52:15.129040+00:00,spot_1,Spot 1,Occupied,2026-09-18T14:59:19.059764+00:00,219,car,0.8097940683364868,3178,574.3690185546875,312.135498046875,614.8817138671875,357.655517578125
2026-09-18T15:52:15.129040+00:00,spot_2,Spot 2,Occupied,2026-09-18T15:34:15.441048+00:00,234,truck,0.5540329217910767,1080,497.7848205566406,290.95074462890625,557.5101318359375,368.91180419921875
2026-09-18T15:52:15.129040+00:00,spot_3,Spot 3,Occupied,2026-09-18T14:25:19.764755+00:00,205,car,0.6457796692848206,5275,446.47430419921875,318.6522216796875,497.25238037109375,368.73828125
2026-09-18T15:52:15.129040+00:00,spot_4,Spot 4,Occupied,2026-09-18T14:45:18.404551+00:00,213,car,0.8600409626960754,4011,390.32720947265625,323.63818359375,448.724365234375,364.4505615234375
2026-09-18T15:52:15.129040+00:00,spot_5,Spot 5,Occupied,2026-09-18T14:25:19.764755+00:00,206,car,0.845024049282074,5209,350.6299133300781,326.1807861328125,396.2583312988281,360.4403076171875
2026-09-18T15:52:15.129040+00:00,spot_6,Spot 6,Occupied,2026-09-18T13:29:15.996818+00:00,182,car,0.6665777564048767,8583,283.82208251953125,320.7472229003906,354.7904052734375,368.0252380371094
2026-09-18T15:52:15.129040+00:00,spot_7,Spot 7,Occupied,2026-09-18T13:56:26.319863+00:00,192,car,0.6791380047798157,6949,254.51858520507812,316.6524963378906,298.3407897949219,357.4502258300781
2026-09-18T15:52:15.129040+00:00,spot_8,Spot 8,Occupied,2026-09-18T15:48:23.034005+00:00,247,car,0.4836489260196686,298,191.99066162109375,327.1830139160156,240.15191650390625,353.2936706542969
2026-09-18T15:52:15.129040+00:00,spot_9,Spot 9,Occupied,2026-09-18T14:50:24.799919+00:00,215,car,0.6008661985397339,3699,143.45333862304688,313.0275573730469,226.85287475585938,351.9945983886719
2026-09-18T15:52:15.129040+00:00,spot_10,Spot 10,Empty,2026-09-18T15:49:17.699031+00:00,,,,,,,,
2026-09-18T15:52:15.129040+00:00,spot_11,Spot 11,Occupied,2026-09-18T15:52:15.129040+00:00,253,car,0.3876405358314514,0,117.45877075195312,322.54913330078125,161.73428344726562,347.87371826171875
2026-09-18T15:52:15.129040+00:00,spot_12,Spot 12,Occupied,2026-09-18T15:50:23.024171+00:00,251,car,0.4512641429901123,103,95.58016967773438,318.8421936035156,128.20553588867188,342.4429626464844
2026-09-18T15:52:15.129040+00:00,spot_13,Spot 13,Occupied,2026-09-18T15:24:19.918109+00:00,229,car,0.3910600244998932,1675,69.51561737060547,317.78670501708984,97.13273620605469,337.53641510009766
2026-09-18T15:52:15.129040+00:00,spot_14,Spot 14,Empty,2026-09-18T15:47:17.357913+00:00,,,,,,,,
2026-09-18T15:52:15.129040+00:00,spot_15,Spot 15,Occupied,2026-09-18T15:52:15.129040+00:00,252,car,0.506689190864563,0,19.207033157348633,315.36627197265625,53.182281494140625,335.49761962890625
2026-09-18T15:52:15.129040+00:00,spot_16,Spot 16,Occupied,2026-09-18T15:50:23.024171+00:00,250,car,0.286813348531723,103,19.872289657592773,314.3872756958008,48.96833419799805,329.8246841430664
2026-09-18T15:52:15.129040+00:00,spot_17,Spot 17,Empty,2026-09-18T15:38:20.912972+00:00,,,,,,,,
2026-09-18T15:53:18.014291+00:00,spot_1,Spot 1,Occupied,2026-09-18T14:59:19.059764+00:00,219,car,0.8061886429786682,3239,574.1859130859375,312.74737548828125,614.5289306640625,359.13677978515625
2026-09-18T15:53:18.014291+00:00,spot_2,Spot 2,Occupied,2026-09-18T15:34:15.441048+00:00,234,truck,0.46551039814949036,1142,495.7588195800781,296.0535888671875,554.203369140625,368.9151611328125
2026-09-18T15:53:18.014291+00:00,spot_3,Spot 3,Occupied,2026-09-18T14:25:19.764755+00:00,205,car,0.7557989358901978,5336,447.8016357421875,323.14947509765625,496.00054931640625,368.43255615234375
2026-09-18T15:53:18.014291+00:00,spot_4,Spot 4,Occupied,2026-09-18T14:45:18.404551+00:00,213,car,0.8560604453086853,4073,390.2864990234375,322.98681640625,448.5211181640625,364.254638671875
2026-09-18T15:53:18.014291+00:00,spot_5,Spot 5,Occupied,2026-09-18T14:25:19.764755+00:00,206,car,0.851451575756073,5271,350.4326171875,326.0511474609375,394.9439697265625,360.61358642578125
2026-09-18T15:53:18.014291+00:00,spot_6,Spot 6,Occupied,2026-09-18T13:29:15.996818+00:00,182,car,0.6378028988838196,8645,283.81097412109375,320.755126953125,353.03717041015625,368.295654296875
2026-09-18T15:53:18.014291+00:00,spot_7,Spot 7,Occupied,2026-09-18T13:56:26.319863+00:00,192,car,0.7199452519416809,7011,254.6097412109375,317.9730529785156,298.65167236328125,357.3073425292969
2026-09-18T15:53:18.014291+00:00,spot_8,Spot 8,Occupied,2026-09-18T15:48:23.034005+00:00,247,car,0.4849889278411865,360,197.9801025390625,327.3478546142578,246.66424560546875,354.6913299560547
2026-09-18T15:53:18.014291+00:00,spot_9,Spot 9,Occupied,2026-09-18T14:50:24.799919+00:00,215,car,0.6585153341293335,3761,147.77871704101562,314.0540466308594,224.10000610351562,353.2463073730469
2026-09-18T15:53:18.014291+00:00,spot_10,Spot 10,Empty,2026-09-18T15:49:17.699031+00:00,,,,,,,,
2026-09-18T15:53:18.014291+00:00,spot_11,Spot 11,Occupied,2026-09-18T15:52:15.129040+00:00,253,car,0.40572741627693176,61,114.20042419433594,322.549072265625,164.31822204589844,350.33062744140625
2026-09-18T15:53:18.014291+00:00,spot_12,Spot 12,Occupied,2026-09-18T15:50:23.024171+00:00,251,car,0.7157560586929321,165,94.77914428710938,318.822265625,129.3140869140625,343.20977783203125
2026-09-18T15:53:18.014291+00:00,spot_13,Spot 13,Occupied,2026-09-18T15:24:19.918109+00:00,229,car,0.6556732654571533,1736,69.51585388183594,317.69190979003906,97.30042266845703,340.1574401855469
2026-09-18T15:53:18.014291+00:00,spot_14,Spot 14,Occupied,2026-09-18T15:53:18.014291+00:00,255,car,0.31311285495758057,0,47.48878860473633,316.16080474853516,72.56542205810547,336.14466857910156
2026-09-18T15:53:18.014291+00:00,spot_15,Spot 15,Empty,2026-09-18T15:53:18.014291+00:00,,,,,,,,
2026-09-18T15:53:18.014291+00:00,spot_16,Spot 16,Occupied,2026-09-18T15:50:23.024171+00:00,250,car,0.59734708070755,165,18.42377281188965,314.78314208984375,48.60163116455078,335.57843017578125
2026-09-18T15:53:18.014291+00:00,spot_17,Spot 17,Empty,2026-09-18T15:38:20.912972+00:00,,,,,,,,
2026-09-18T15:54:20.008649+00:00,spot_1,Spot 1,Occupied,2026-09-18T14:59:19.059764+00:00,219,car,0.8192275166511536,3302,574.8500366210938,312.5643310546875,614.1603393554688,358.46124267578125
2026-09-18T15:54:20.008649+00:00,spot_2,Spot 2,Occupied,2026-09-18T15:34:15.441048+00:00,234,truck,0.622748851776123,1205,497.0458679199219,292.158935546875,557.43701171875,369.65362548828125
2026-09-18T15:54:20.008649+00:00,spot_3,Spot 3,Occupied,2026-09-18T14:25:19.764755+00:00,205,car,0.7519346475601196,5399,447.3521728515625,318.02825927734375,497.866943359375,368.57183837890625
2026-09-18T15:54:20.008649+00:00,spot_4,Spot 4,Occupied,2026-09-18T14:45:18.404551+00:00,213,car,0.8628923296928406,4136,390.3570861816406,324.22210693359375,448.6745910644531,364.41351318359375
2026-09-18T15:54:20.008649+00:00,spot_5,Spot 5,Occupied,2026-09-18T14:25:19.764755+00:00,206,car,0.8502346277236938,5334,350.1502380371094,326.4554443359375,395.3167419433594,360.71728515625
2026-09-18T15:54:20.008649+00:00,spot_6,Spot 6,Occupied,2026-09-18T13:29:15.996818+00:00,182,car,0.7331953644752502,8708,284.8407897949219,320.6219787597656,352.6230773925781,368.1226501464844
2026-09-18T15:54:20.008649+00:00,spot_7,Spot 7,Occupied,2026-09-18T13:56:26.319863+00:00,192,car,0.7383027672767639,7074,254.64163208007812,317.17352294921875,300.3733215332031,358.49835205078125
2026-09-18T15:54:20.008649+00:00,spot_8,Spot 8,Occupied,2026-09-18T15:54:20.008649+00:00,254,car,0.6099283695220947,63,196.4254150390625,327.4482727050781,236.20965576171875,353.2505798339844
2026-09-18T15:54:20.008649+00:00,spot_9,Spot 9,Occupied,2026-09-18T14:50:24.799919+00:00,215,car,0.48016470670700073,3824,143.62423706054688,313.0535583496094,225.83749389648438,353.0262756347656
2026-09-18T15:54:20.008649+00:00,spot_10,Spot 10,Occupied,2026-09-18T15:54:20.008649+00:00,256,car,0.36634108424186707,0,132.08111572265625,322.68157958984375,162.564697265625,344.85809326171875
2026-09-18T15:54:20.008649+00:00,spot_11,Spot 11,Occupied,2026-09-18T15:52:15.129040+00:00,253,car,0.15268555283546448,124,94.78487396240234,319.0965805053711,162.78086853027344,341.2809143066406
2026-09-18T15:54:20.008649+00:00,spot_12,Spot 12,Occupied,2026-09-18T15:50:23.024171+00:00,251,car,0.6369364261627197,228,94.24496459960938,318.71356201171875,130.74440002441406,342.624267578125
2026-09-18T15:54:20.008649+00:00,spot_13,Spot 13,Occupied,2026-09-18T15:24:19.918109+00:00,229,car,0.7456089854240417,1799,69.02133178710938,317.62994384765625,97.3123779296875,339.09613037109375
2026-09-18T15:54:20.008649+00:00,spot_14,Spot 14,Occupied,2026-09-18T15:53:18.014291+00:00,255,car,0.5391545295715332,63,46.886871337890625,316.3822326660156,70.76344299316406,337.1455383300781
2026-09-18T15:54:20.008649+00:00,spot_15,Spot 15,Empty,2026-09-18T15:53:18.014291+00:00,,,,,,,,
2026-09-18T15:54:20.008649+00:00,spot_16,Spot 16,Occupied,2026-09-18T15:50:23.024171+00:00,250,car,0.6184447407722473,228,19.875267028808594,315.0916748046875,48.692420959472656,335.6121826171875
2026-09-18T15:54:20.008649+00:00,spot_17,Spot 17,Empty,2026-09-18T15:38:20.912972+00:00,,,,,,,,
2026-09-18T15:55:19.508994+00:00,spot_1,Spot 1,Occupied,2026-09-18T14:59:19.059764+00:00,219,car,0.577660322189331,3370,574.720947265625,312.4603576660156,614.341796875,358.5578308105469
2026-09-18T15:55:19.508994+00:00,spot_2,Spot 2,Occupied,2026-09-18T15:34:15.441048+00:00,234,truck,0.5117111206054688,1272,496.8804931640625,291.23883056640625,557.053955078125,369.41802978515625
2026-09-18T15:55:19.508994+00:00,spot_3,Spot 3,Occupied,2026-09-18T14:25:19.764755+00:00,205,car,0.592355489730835,5467,447.178466796875,320.3078308105469,491.71502685546875,368.8932189941406
2026-09-18T15:55:19.508994+00:00,spot_4,Spot 4,Occupied,2026-09-18T14:45:18.404551+00:00,213,car,0.8744080066680908,4203,390.2927551269531,323.9638671875,448.6919250488281,364.577392578125
2026-09-18T15:55:19.508994+00:00,spot_5,Spot 5,Occupied,2026-09-18T14:25:19.764755+00:00,206,car,0.8430376052856445,5401,350.404052734375,325.5309753417969,396.8687744140625,360.5573425292969
2026-09-18T15:55:19.508994+00:00,spot_6,Spot 6,Occupied,2026-09-18T13:29:15.996818+00:00,182,car,0.5399501323699951,8775,283.8191223144531,320.89569091796875,352.7041320800781,368.70166015625
2026-09-18T15:55:19.508994+00:00,spot_7,Spot 7,Occupied,2026-09-18T13:56:26.319863+00:00,192,car,0.5283934473991394,7141,254.12774658203125,319.5982360839844,298.739013671875,358.4217834472656
2026-09-18T15:55:19.508994+00:00,spot_8,Spot 8,Occupied,2026-09-18T15:54:20.008649+00:00,254,car,0.6714516282081604,130,195.44549560546875,327.677001953125,235.16311645507812,352.28192138671875
2026-09-18T15:55:19.508994+00:00,spot_9,Spot 9,Occupied,2026-09-18T14:50:24.799919+00:00,215,car,0.49336162209510803,3891,147.07183837890625,313.49920654296875,224.90118408203125,348.85589599609375
2026-09-18T15:55:19.508994+00:00,spot_10,Spot 10,Occupied,2026-09-18T15:54:20.008649+00:00,256,car,0.5372562408447266,67,135.07215881347656,322.4798278808594,161.31187438964844,349.1640930175781
2026-09-18T15:55:19.508994+00:00,spot_11,Spot 11,Empty,2026-09-18T15:55:19.508994+00:00,,,,,,,,
2026-09-18T15:55:19.508994+00:00,spot_12,Spot 12,Occupied,2026-09-18T15:50:23.024171+00:00,251,car,0.7368041276931763,295,95.02540588378906,318.8275451660156,129.0454559326172,342.6540832519531
2026-09-18T15:55:19.508994+00:00,spot_13,Spot 13,Occupied,2026-09-18T15:24:19.918109+00:00,229,car,0.5215190052986145,1867,74.07514953613281,318.7246398925781,97.46522521972656,339.4098815917969
2026-09-18T15:55:19.508994+00:00,spot_14,Spot 14,Occupied,2026-09-18T15:53:18.014291+00:00,255,car,0.3450768291950226,130,47.087867736816406,318.6133499145508,72.89091491699219,336.6039123535156
2026-09-18T15:55:19.508994+00:00,spot_15,Spot 15,Occupied,2026-09-18T15:55:19.508994+00:00,257,car,0.4217248260974884,0,18.64215660095215,315.00543212890625,53.06610870361328,336.09149169921875
2026-09-18T15:55:19.508994+00:00,spot_16,Spot 16,Occupied,2026-09-18T15:50:23.024171+00:00,250,car,0.28286507725715637,295,20.4110164642334,315.517333984375,47.30060577392578,330.5623092651367
2026-09-18T15:55:19.508994+00:00,spot_17,Spot 17,Empty,2026-09-18T15:38:20.912972+00:00,,,,,,,,
2026-09-18T15:56:25.749311+00:00,spot_1,Spot 1,Occupied,2026-09-18T14:59:19.059764+00:00,219,car,0.7348892688751221,3428,574.886962890625,312.3985595703125,614.766845703125,358.4261474609375
2026-09-18T15:56:25.749311+00:00,spot_2,Spot 2,Occupied,2026-09-18T15:34:15.441048+00:00,234,truck,0.7001827359199524,1330,497.37249755859375,291.6954040527344,557.2984008789062,368.7208557128906
2026-09-18T15:56:25.749311+00:00,spot_3,Spot 3,Occupied,2026-09-18T14:25:19.764755+00:00,205,car,0.6237336993217468,5525,446.6539306640625,325.8138427734375,491.025390625,368.58990478515625
2026-09-18T15:56:25.749311+00:00,spot_4,Spot 4,Occupied,2026-09-18T14:45:18.404551+00:00,213,car,0.75654137134552,4262,390.464111328125,324.0537109375,448.73419189453125,364.5218505859375
2026-09-18T15:56:25.749311+00:00,spot_5,Spot 5,Occupied,2026-09-18T14:25:19.764755+00:00,206,car,0.8344022631645203,5459,350.75738525390625,326.69403076171875,395.40411376953125,360.94439697265625
2026-09-18T15:56:25.749311+00:00,spot_6,Spot 6,Occupied,2026-09-18T13:29:15.996818+00:00,182,car,0.6378427743911743,8834,283.7471923828125,320.73345947265625,354.8614501953125,368.33001708984375
2026-09-18T15:56:25.749311+00:00,spot_7,Spot 7,Occupied,2026-09-18T13:56:26.319863+00:00,192,car,0.649597704410553,7199,254.59164428710938,322.33099365234375,300.3006286621094,358.13690185546875
2026-09-18T15:56:25.749311+00:00,spot_8,Spot 8,Occupied,2026-09-18T15:54:20.008649+00:00,254,car,0.3597431778907776,188,196.91915893554688,327.1438217163086,246.55923461914062,354.4799499511719
2026-09-18T15:56:25.749311+00:00,spot_9,Spot 9,Occupied,2026-09-18T14:50:24.799919+00:00,215,truck,0.41383126378059387,3949,147.2955322265625,313.78607177734375,224.9490966796875,353.17401123046875
2026-09-18T15:56:25.749311+00:00,spot_10,Spot 10,Occupied,2026-09-18T15:54:20.008649+00:00,256,car,0.4139210283756256,125,129.81130981445312,322.82208251953125,164.49636840820312,349.50335693359375
2026-09-18T15:56:25.749311+00:00,spot_11,Spot 11,Occupied,2026-09-18T15:56:25.749311+00:00,259,car,0.48924851417541504,0,114.8765869140625,322.9319152832031,144.39532470703125,344.2231750488281
2026-09-18T15:56:25.749311+00:00,spot_12,Spot 12,Occupied,2026-09-18T15:50:23.024171+00:00,251,car,0.4935237169265747,353,95.35081481933594,319.6273498535156,128.3417510986328,342.2657165527344
2026-09-18T15:56:25.749311+00:00,spot_13,Spot 13,Occupied,2026-09-18T15:24:19.918109+00:00,229,car,0.5644105672836304,1925,68.60728454589844,317.5679168701172,96.68550872802734,338.96692657470703
2026-09-18T15:56:25.749311+00:00,spot_14,Spot 14,Empty,2026-09-18T15:56:25.749311+00:00,,,,,,,,
2026-09-18T15:56:25.749311+00:00,spot_15,Spot 15,Occupied,2026-09-18T15:55:19.508994+00:00,257,car,0.3897787630558014,58,16.510208129882812,315.08673095703125,69.4720458984375,337.11981201171875
2026-09-18T15:56:25.749311+00:00,spot_16,Spot 16,Empty,2026-09-18T15:56:25.749311+00:00,,,,,,,,
2026-09-18T15:56:25.749311+00:00,spot_17,Spot 17,Empty,2026-09-18T15:38:20.912972+00:00,,,,,,,,
2026-09-18T15:57:16.434518+00:00,spot_1,Spot 1,Occupied,2026-09-18T14:59:19.059764+00:00,219,car,0.7348892688751221,3476,574.886962890625,312.3985595703125,614.766845703125,358.4261474609375
2026-09-18T15:57:16.434518+00:00,spot_2,Spot 2,Occupied,2026-09-18T15:34:15.441048+00:00,234,truck,0.7001827359199524,1379,497.37249755859375,291.6954040527344,557.2984008789062,368.7208557128906
2026-09-18T15:57:16.434518+00:00,spot_3,Spot 3,Occupied,2026-09-18T14:25:19.764755+00:00,205,car,0.6237336993217468,5573,446.6539306640625,325.8138427734375,491.025390625,368.58990478515625
2026-09-18T15:57:16.434518+00:00,spot_4,Spot 4,Occupied,2026-09-18T14:45:18.404551+00:00,213,car,0.75654137134552,4310,390.464111328125,324.0537109375,448.73419189453125,364.5218505859375
2026-09-18T15:57:16.434518+00:00,spot_5,Spot 5,Occupied,2026-09-18T14:25:19.764755+00:00,206,car,0.8344022631645203,5507,350.75738525390625,326.69403076171875,395.40411376953125,360.94439697265625
2026-09-18T15:57:16.434518+00:00,spot_6,Spot 6,Occupied,2026-09-18T13:29:15.996818+00:00,182,car,0.6378427743911743,8882,283.7471923828125,320.73345947265625,354.8614501953125,368.33001708984375
2026-09-18T15:57:16.434518+00:00,spot_7,Spot 7,Occupied,2026-09-18T13:56:26.319863+00:00,192,car,0.649597704410553,7248,254.59164428710938,322.33099365234375,300.3006286621094,358.13690185546875
2026-09-18T15:57:16.434518+00:00,spot_8,Spot 8,Occupied,2026-09-18T15:57:16.434518+00:00,258,car,0.3597431778907776,48,196.91915893554688,327.1438217163086,246.55923461914062,354.4799499511719
2026-09-18T15:57:16.434518+00:00,spot_9,Spot 9,Occupied,2026-09-18T14:50:24.799919+00:00,215,truck,0.41383126378059387,3997,147.2955322265625,313.78607177734375,224.9490966796875,353.17401123046875
2026-09-18T15:57:16.434518+00:00,spot_10,Spot 10,Occupied,2026-09-18T15:54:20.008649+00:00,256,car,0.4139210283756256,173,129.81130981445312,322.82208251953125,164.49636840820312,349.50335693359375
2026-09-18T15:57:16.434518+00:00,spot_11,Spot 11,Occupied,2026-09-18T15:56:25.749311+00:00,259,car,0.48924851417541504,48,114.8765869140625,322.9319152832031,144.39532470703125,344.2231750488281
2026-09-18T15:57:16.434518+00:00,spot_12,Spot 12,Occupied,2026-09-18T15:50:23.024171+00:00,251,car,0.4935237169265747,402,95.35081481933594,319.6273498535156,128.3417510986328,342.2657165527344
2026-09-18T15:57:16.434518+00:00,spot_13,Spot 13,Occupied,2026-09-18T15:24:19.918109+00:00,229,car,0.5644105672836304,1973,68.60728454589844,317.5679168701172,96.68550872802734,338.96692657470703
2026-09-18T15:57:16.434518+00:00,spot_14,Spot 14,Empty,2026-09-18T15:56:25.749311+00:00,,,,,,,,
2026-09-18T15:57:16.434518+00:00,spot_15,Spot 15,Occupied,2026-09-18T15:55:19.508994+00:00,257,car,0.3897787630558014,106,16.510208129882812,315.08673095703125,69.4720458984375,337.11981201171875
2026-09-18T15:57:16.434518+00:00,spot_16,Spot 16,Empty,2026-09-18T15:56:25.749311+00:00,,,,,,,,
2026-09-18T15:57:16.434518+00:00,spot_17,Spot 17,Empty,2026-09-18T15:38:20.912972+00:00,,,,,,,,
2026-09-18T15:58:15.401672+00:00,spot_1,Spot 1,Occupied,2026-09-18T14:59:19.059764+00:00,219,car,0.797339141368866,3540,574.97119140625,312.78955078125,615.14404296875,359.1785888671875
2026-09-18T15:58:15.401672+00:00,spot_2,Spot 2,Occupied,2026-09-18T15:34:15.441048+00:00,234,truck,0.7132859230041504,1442,497.5551452636719,291.86553955078125,559.02880859375,368.33685302734375
2026-09-18T15:58:15.401672+00:00,spot_3,Spot 3,Occupied,2026-09-18T14:25:19.764755+00:00,205,car,0.6751499772071838,5637,446.87750244140625,325.8250732421875,493.12274169921875,368.85833740234375
2026-09-18T15:58:15.401672+00:00,spot_4,Spot 4,Occupied,2026-09-18T14:45:18.404551+00:00,213,car,0.7697514295578003,4373,390.2530517578125,323.50775146484375,448.36688232421875,364.52911376953125
2026-09-18T15:58:15.401672+00:00,spot_5,Spot 5,Occupied,2026-09-18T14:25:19.764755+00:00,206,car,0.8129547834396362,5571,350.759521484375,326.1363525390625,398.4122314453125,360.84368896484375
2026-09-18T15:58:15.401672+00:00,spot_6,Spot 6,Occupied,2026-09-18T13:29:15.996818+00:00,182,car,0.6605291366577148,8945,283.9736328125,320.9348449707031,358.3553466796875,368.3672180175781
2026-09-18T15:58:15.401672+00:00,spot_7,Spot 7,Occupied,2026-09-18T13:56:26.319863+00:00,192,car,0.5575075149536133,7311,253.82974243164062,317.229736328125,301.1103820800781,357.3931884765625
2026-09-18T15:58:15.401672+00:00,spot_8,Spot 8,Occupied,2026-09-18T15:57:16.434518+00:00,258,car,0.6965413689613342,111,221.21841430664062,326.33447265625,258.0964660644531,356.08349609375
2026-09-18T15:58:15.401672+00:00,spot_9,Spot 9,Occupied,2026-09-18T14:50:24.799919+00:00,215,car,0.5487195253372192,4061,145.38510131835938,313.9440002441406,223.79843139648438,353.6561584472656
2026-09-18T15:58:15.401672+00:00,spot_10,Spot 10,Empty,2026-09-18T15:58:15.401672+00:00,,,,,,,,
2026-09-18T15:58:15.401672+00:00,spot_11,Spot 11,Occupied,2026-09-18T15:56:25.749311+00:00,259,car,0.5258541703224182,111,118.78616333007812,322.16387939453125,165.04324340820312,346.94659423828125
2026-09-18T15:58:15.401672+00:00,spot_12,Spot 12,Occupied,2026-09-18T15:50:23.024171+00:00,251,car,0.72437584400177,465,95.11067199707031,318.58843994140625,128.66746520996094,342.54266357421875
2026-09-18T15:58:15.401672+00:00,spot_13,Spot 13,Occupied,2026-09-18T15:24:19.918109+00:00,229,car,0.605829119682312,2037,68.72354125976562,317.6540832519531,97.28109741210938,339.6459655761719
2026-09-18T15:58:15.401672+00:00,spot_14,Spot 14,Empty,2026-09-18T15:56:25.749311+00:00,,,,,,,,
2026-09-18T15:58:15.401672+00:00,spot_15,Spot 15,Empty,2026-09-18T15:58:15.401672+00:00,,,,,,,,
2026-09-18T15:58:15.401672+00:00,spot_16,Spot 16,Occupied,2026-09-18T15:58:15.401672+00:00,260,car,0.7352685332298279,0,17.36599349975586,314.79052734375,51.464481353759766,335.89947509765625
2026-09-18T15:58:15.401672+00:00,spot_17,Spot 17,Empty,2026-09-18T15:38:20.912972+00:00,,,,,,,,
2026-09-18T15:59:18.460051+00:00,spot_1,Spot 1,Occupied,2026-09-18T14:59:19.059764+00:00,219,car,0.5810349583625793,3599,574.7860717773438,312.5421142578125,614.5723266601562,357.48828125
2026-09-18T15:59:18.460051+00:00,spot_2,Spot 2,Occupied,2026-09-18T15:34:15.441048+00:00,234,truck,0.4221254289150238,1501,497.43804931640625,290.15966796875,557.9922485351562,368.304443359375
2026-09-18T15:59:18.460051+00:00,spot_3,Spot 3,Occupied,2026-09-18T14:25:19.764755+00:00,205,car,0.801185667514801,5696,446.97503662109375,317.21905517578125,498.19525146484375,368.9937744140625
2026-09-18T15:59:18.460051+00:00,spot_4,Spot 4,Occupied,2026-09-18T14:45:18.404551+00:00,213,car,0.8921170830726624,4432,390.0782470703125,324.05401611328125,448.56903076171875,364.84210205078125
2026-09-18T15:59:18.460051+00:00,spot_5,Spot 5,Occupied,2026-09-18T14:25:19.764755+00:00,206,car,0.826046347618103,5630,350.3994445800781,325.51348876953125,397.1364440917969,360.8033447265625
2026-09-18T15:59:18.460051+00:00,spot_6,Spot 6,Occupied,2026-09-18T13:29:15.996818+00:00,182,car,0.5459917187690735,9004,284.18157958984375,320.7972106933594,355.27862548828125,368.6787414550781
2026-09-18T15:59:18.460051+00:00,spot_7,Spot 7,Occupied,2026-09-18T13:56:26.319863+00:00,192,car,0.5465996265411377,7370,254.2254638671875,322.20306396484375,301.40087890625,358.2672119140625
2026-09-18T15:59:18.460051+00:00,spot_8,Spot 8,Occupied,2026-09-18T15:57:16.434518+00:00,258,car,0.5052929520606995,170,195.932373046875,327.620361328125,240.52374267578125,353.244873046875
2026-09-18T15:59:18.460051+00:00,spot_9,Spot 9,Occupied,2026-09-18T14:50:24.799919+00:00,215,car,0.5013148784637451,4120,144.77316284179688,313.20458984375,224.52508544921875,353.190185546875
2026-09-18T15:59:18.460051+00:00,spot_10,Spot 10,Empty,2026-09-18T15:58:15.401672+00:00,,,,,,,,
2026-09-18T15:59:18.460051+00:00,spot_11,Spot 11,Occupied,2026-09-18T15:56:25.749311+00:00,259,car,0.39827001094818115,170,127.66889953613281,322.16412353515625,166.1116485595703,347.20660400390625
2026-09-18T15:59:18.460051+00:00,spot_12,Spot 12,Occupied,2026-09-18T15:50:23.024171+00:00,251,car,0.5803699493408203,524,95.06767272949219,318.8214416503906,131.3480224609375,342.5432434082031
2026-09-18T15:59:18.460051+00:00,spot_13,Spot 13,Occupied,2026-09-18T15:24:19.918109+00:00,229,car,0.6826633810997009,2096,68.93419647216797,318.1198425292969,97.08760833740234,339.0634460449219
2026-09-18T15:59:18.460051+00:00,spot_14,Spot 14,Occupied,2026-09-18T15:59:18.460051+00:00,261,car,0.5642617344856262,0,47.16802215576172,316.70135498046875,71.64286041259766,337.44305419921875
2026-09-18T15:59:18.460051+00:00,spot_15,Spot 15,Empty,2026-09-18T15:58:15.401672+00:00,,,,,,,,
2026-09-18T15:59:18.460051+00:00,spot_16,Spot 16,Occupied,2026-09-18T15:58:15.401672+00:00,260,car,0.7694905400276184,59,16.890357971191406,314.82293701171875,51.01544189453125,335.8751220703125
2026-09-18T15:59:18.460051+00:00,spot_17,Spot 17,Empty,2026-09-18T15:38:20.912972+00:00,,,,,,,,
2026-09-18T16:00:27.851729+00:00,spot_1,Spot 1,Occupied,2026-09-18T14:59:19.059764+00:00,219,car,0.819507896900177,3678,574.447998046875,312.4947509765625,614.2637939453125,358.3155517578125
2026-09-18T16:00:27.851729+00:00,spot_2,Spot 2,Occupied,2026-09-18T15:34:15.441048+00:00,234,bus,0.6972941756248474,1580,497.6916198730469,290.215087890625,558.23486328125,369.0032958984375
2026-09-18T16:00:27.851729+00:00,spot_3,Spot 3,Occupied,2026-09-18T14:25:19.764755+00:00,205,car,0.5997676849365234,5775,447.299072265625,319.7537841796875,493.4970703125,368.9388427734375
2026-09-18T16:00:27.851729+00:00,spot_4,Spot 4,Occupied,2026-09-18T14:45:18.404551+00:00,213,car,0.8522241115570068,4512,390.39654541015625,324.0909423828125,448.31134033203125,364.414794921875
2026-09-18T16:00:27.851729+00:00,spot_5,Spot 5,Occupied,2026-09-18T14:25:19.764755+00:00,206,car,0.8500858545303345,5709,350.4529724121094,326.8794860839844,395.0957946777344,360.6690979003906
2026-09-18T16:00:27.851729+00:00,spot_6,Spot 6,Occupied,2026-09-18T13:29:15.996818+00:00,182,car,0.630932092666626,9083,284.2441711425781,320.6690673828125,353.5293884277344,368.47705078125
2026-09-18T16:00:27.851729+00:00,spot_7,Spot 7,Occupied,2026-09-18T13:56:26.319863+00:00,192,car,0.7734124660491943,7449,255.18157958984375,316.93817138671875,305.3414306640625,358.55499267578125
2026-09-18T16:00:27.851729+00:00,spot_8,Spot 8,Occupied,2026-09-18T15:57:16.434518+00:00,258,car,0.5625672936439514,249,220.70098876953125,327.46954345703125,257.37664794921875,356.37896728515625
2026-09-18T16:00:27.851729+00:00,spot_9,Spot 9,Occupied,2026-09-18T14:50:24.799919+00:00,215,car,0.5368749499320984,4199,145.24826049804688,313.4140625,223.91412353515625,354.4395751953125
2026-09-18T16:00:27.851729+00:00,spot_10,Spot 10,Empty,2026-09-18T15:58:15.401672+00:00,,,,,,,,
2026-09-18T16:00:27.851729+00:00,spot_11,Spot 11,Occupied,2026-09-18T15:56:25.749311+00:00,259,car,0.49422842264175415,249,119.06034851074219,322.3365478515625,164.8070831298828,346.7525634765625
2026-09-18T16:00:27.851729+00:00,spot_12,Spot 12,Occupied,2026-09-18T15:50:23.024171+00:00,251,car,0.45786145329475403,603,68.05487823486328,317.7402877807617,127.72744750976562,341.33361053466797
2026-09-18T16:00:27.851729+00:00,spot_13,Spot 13,Occupied,2026-09-18T15:24:19.918109+00:00,229,car,0.7062925100326538,2175,68.61310577392578,318.24310302734375,97.43889617919922,339.60089111328125
2026-09-18T16:00:27.851729+00:00,spot_14,Spot 14,Empty,2026-09-18T16:00:27.851729+00:00,,,,,,,,
2026-09-18T16:00:27.851729+00:00,spot_15,Spot 15,Occupied,2026-09-18T16:00:27.851729+00:00,264,car,0.3926365375518799,0,47.218624114990234,316.30615997314453,71.16898345947266,336.26184844970703
2026-09-18T16:00:27.851729+00:00,spot_16,Spot 16,Occupied,2026-09-18T15:58:15.401672+00:00,260,car,0.5919363498687744,138,17.840896606445312,314.8904113769531,54.02715301513672,334.9763488769531
2026-09-18T16:00:27.851729+00:00,spot_17,Spot 17,Empty,2026-09-18T15:38:20.912972+00:00,,,,,,,,
2026-09-18T16:01:25.176110+00:00,spot_1,Spot 1,Occupied,2026-09-18T14:59:19.059764+00:00,219,car,0.7185976505279541,3726,575.0125732421875,312.57232666015625,614.6925048828125,358.70623779296875
2026-09-18T16:01:25.176110+00:00,spot_2,Spot 2,Occupied,2026-09-18T15:34:15.441048+00:00,234,bus,0.4124404788017273,1629,498.1131286621094,290.01287841796875,557.3726806640625,369.74462890625
2026-09-18T16:01:25.176110+00:00,spot_3,Spot 3,Occupied,2026-09-18T14:25:19.764755+00:00,205,car,0.7807209491729736,5824,447.40753173828125,325.9493408203125,496.79083251953125,368.5684814453125
2026-09-18T16:01:25.176110+00:00,spot_4,Spot 4,Occupied,2026-09-18T14:45:18.404551+00:00,213,car,0.8645207285881042,4560,390.335693359375,324.11810302734375,448.27203369140625,364.16827392578125
2026-09-18T16:01:25.176110+00:00,spot_5,Spot 5,Occupied,2026-09-18T14:25:19.764755+00:00,206,car,0.8620306253433228,5758,349.701904296875,326.74420166015625,394.8177490234375,360.63946533203125
2026-09-18T16:01:25.176110+00:00,spot_6,Spot 6,Occupied,2026-09-18T13:29:15.996818+00:00,182,car,0.7436137199401855,9132,284.24591064453125,320.6888427734375,360.73223876953125,368.18182373046875
2026-09-18T16:01:25.176110+00:00,spot_7,Spot 7,Occupied,2026-09-18T13:56:26.319863+00:00,192,car,0.6622075438499451,7498,254.91346740722656,322.45001220703125,304.89306640625,357.42303466796875
2026-09-18T16:01:25.176110+00:00,spot_8,Spot 8,Occupied,2026-09-18T16:01:25.176110+00:00,262,car,0.5248632431030273,48,198.04544067382812,327.7001495361328,224.95864868164062,352.10589599609375
2026-09-18T16:01:25.176110+00:00,spot_9,Spot 9,Occupied,2026-09-18T14:50:24.799919+00:00,215,truck,0.4705866575241089,4248,144.43353271484375,312.98138427734375,225.4754638671875,352.43389892578125
2026-09-18T16:01:25.176110+00:00,spot_10,Spot 10,Occupied,2026-09-18T16:01:25.176110+00:00,266,car,0.42107608914375305,0,128.88772583007812,322.4075927734375,165.88363647460938,348.466064453125
2026-09-18T16:01:25.176110+00:00,spot_11,Spot 11,Occupied,2026-09-18T15:56:25.749311+00:00,259,car,0.15645109117031097,298,114.13558959960938,324.8330078125,140.73291015625,342.97640228271484
2026-09-18T16:01:25.176110+00:00,spot_12,Spot 12,Occupied,2026-09-18T15:50:23.024171+00:00,251,car,0.7048795819282532,652,94.45086669921875,319.24322509765625,128.04347229003906,342.52606201171875
2026-09-18T16:01:25.176110+00:00,spot_13,Spot 13,Empty,2026-09-18T16:01:25.176110+00:00,,,,,,,,
2026-09-18T16:01:25.176110+00:00,spot_14,Spot 14,Occupied,2026-09-18T16:01:25.176110+00:00,265,car,0.7333106994628906,0,68.53973388671875,317.84136962890625,97.60252380371094,340.39642333984375
2026-09-18T16:01:25.176110+00:00,spot_15,Spot 15,Occupied,2026-09-18T16:00:27.851729+00:00,264,car,0.40411099791526794,48,47.368431091308594,317.52825927734375,71.4985580444336,336.225830078125
2026-09-18T16:01:25.176110+00:00,spot_16,Spot 16,Occupied,2026-09-18T15:58:15.401672+00:00,260,car,0.5118414759635925,186,18.832847595214844,314.4969787597656,50.65538787841797,334.9502868652344
2026-09-18T16:01:25.176110+00:00,spot_17,Spot 17,Empty,2026-09-18T15:38:20.912972+00:00,,,,,,,,
2026-09-18T16:02:18.089825+00:00,spot_1,Spot 1,Occupied,2026-09-18T14:59:19.059764+00:00,219,car,0.8552325963973999,3780,575.141357421875,312.77734375,615.0380859375,358.217529296875
2026-09-18T16:02:18.089825+00:00,spot_2,Spot 2,Occupied,2026-09-18T15:34:15.441048+00:00,234,truck,0.4228688180446625,1682,497.3994445800781,290.3628234863281,557.797119140625,369.2488708496094
2026-09-18T16:02:18.089825+00:00,spot_3,Spot 3,Occupied,2026-09-18T14:25:19.764755+00:00,205,car,0.7766993641853333,5877,447.8431396484375,319.34442138671875,494.444580078125,368.27105712890625
2026-09-18T16:02:18.089825+00:00,spot_4,Spot 4,Occupied,2026-09-18T14:45:18.404551+00:00,213,car,0.8404009938240051,4613,390.2847900390625,324.27081298828125,448.984130859375,364.00164794921875
2026-09-18T16:02:18.089825+00:00,spot_5,Spot 5,Occupied,2026-09-18T14:25:19.764755+00:00,206,car,0.8466131687164307,5811,349.6354675292969,326.45928955078125,396.1499938964844,360.86334228515625
2026-09-18T16:02:18.089825+00:00,spot_6,Spot 6,Occupied,2026-09-18T13:29:15.996818+00:00,182,car,0.6528535485267639,9185,284.32269287109375,320.917724609375,358.82623291015625,368.642822265625
2026-09-18T16:02:18.089825+00:00,spot_7,Spot 7,Occupied,2026-09-18T13:56:26.319863+00:00,192,car,0.6115999221801758,7551,254.69183349609375,322.5605773925781,301.2191162109375,357.7069396972656
2026-09-18T16:02:18.089825+00:00,spot_8,Spot 8,Occupied,2026-09-18T16:01:25.176110+00:00,262,car,0.584836483001709,101,221.54483032226562,327.73138427734375,258.0373229980469,355.7747802734375
2026-09-18T16:02:18.089825+00:00,spot_9,Spot 9,Occupied,2026-09-18T14:50:24.799919+00:00,215,car,0.41682401299476624,4301,144.16281127929688,313.43951416015625,224.95211791992188,352.48663330078125
2026-09-18T16:02:18.089825+00:00,spot_10,Spot 10,Empty,2026-09-18T16:02:18.089825+00:00,,,,,,,,
2026-09-18T16:02:18.089825+00:00,spot_11,Spot 11,Empty,2026-09-18T16:02:18.089825+00:00,,,,,,,,
2026-09-18T16:02:18.089825+00:00,spot_12,Spot 12,Occupied,2026-09-18T15:50:23.024171+00:00,251,car,0.6162091493606567,705,95.02519226074219,318.86505126953125,129.53033447265625,342.54290771484375
2026-09-18T16:02:18.089825+00:00,spot_13,Spot 13,Occupied,2026-09-18T16:02:18.089825+00:00,267,car,0.6768516898155212,0,69.20552825927734,317.7664566040039,96.90664672851562,338.17858123779297
2026-09-18T16:02:18.089825+00:00,spot_14,Spot 14,Empty,2026-09-18T16:02:18.089825+00:00,,,,,,,,
2026-09-18T16:02:18.089825+00:00,spot_15,Spot 15,Empty,2026-09-18T16:02:18.089825+00:00,,,,,,,,
2026-09-18T16:02:18.089825+00:00,spot_16,Spot 16,Occupied,2026-09-18T15:58:15.401672+00:00,260,car,0.6783554553985596,240,16.722896575927734,314.6634521484375,48.7219123840332,336.1190185546875
2026-09-18T16:02:18.089825+00:00,spot_17,Spot 17,Empty,2026-09-18T15:38:20.912972+00:00,,,,,,,,
2026-09-18T16:03:17.040459+00:00,spot_1,Spot 1,Occupied,2026-09-18T14:59:19.059764+00:00,219,car,0.7346519231796265,3837,575.122802734375,312.99609375,614.2548828125,359.007568359375
2026-09-18T16:03:17.040459+00:00,spot_2,Spot 2,Occupied,2026-09-18T15:34:15.441048+00:00,234,bus,0.6739763021469116,1740,497.943359375,292.31134033203125,556.9307861328125,369.01214599609375
2026-09-18T16:03:17.040459+00:00,spot_3,Spot 3,Occupied,2026-09-18T14:25:19.764755+00:00,205,car,0.7827416658401489,5935,449.6408996582031,318.91168212890625,498.1916809082031,368.80169677734375
2026-09-18T16:03:17.040459+00:00,spot_4,Spot 4,Occupied,2026-09-18T14:45:18.404551+00:00,213,car,0.8619369268417358,4671,390.4193115234375,323.96173095703125,448.890625,364.65716552734375
2026-09-18T16:03:17.040459+00:00,spot_5,Spot 5,Occupied,2026-09-18T14:25:19.764755+00:00,206,car,0.8517974615097046,5869,349.17425537109375,325.68463134765625,393.28460693359375,360.83184814453125
2026-09-18T16:03:17.040459+00:00,spot_6,Spot 6,Occupied,2026-09-18T13:29:15.996818+00:00,182,truck,0.5523329377174377,9243,284.1944580078125,320.9644775390625,352.40301513671875,368.3642578125
2026-09-18T16:03:17.040459+00:00,spot_7,Spot 7,Occupied,2026-09-18T13:56:26.319863+00:00,192,car,0.643448531627655,7609,254.5482940673828,318.226318359375,304.66265869140625,358.122802734375
2026-09-18T16:03:17.040459+00:00,spot_8,Spot 8,Occupied,2026-09-18T16:01:25.176110+00:00,262,car,0.6694868206977844,159,221.0457763671875,326.73004150390625,257.69268798828125,356.80548095703125
2026-09-18T16:03:17.040459+00:00,spot_9,Spot 9,Occupied,2026-09-18T14:50:24.799919+00:00,215,car,0.6179587244987488,4359,146.4615478515625,313.1552734375,223.54434204101562,354.05303955078125
2026-09-18T16:03:17.040459+00:00,spot_10,Spot 10,Empty,2026-09-18T16:02:18.089825+00:00,,,,,,,,
2026-09-18T16:03:17.040459+00:00,spot_11,Spot 11,Occupied,2026-09-18T16:03:17.040459+00:00,268,car,0.5340026617050171,0,122.6902847290039,322.4071350097656,164.79293823242188,348.1086730957031
2026-09-18T16:03:17.040459+00:00,spot_12,Spot 12,Occupied,2026-09-18T15:50:23.024171+00:00,251,car,0.7005231976509094,763,94.94381713867188,318.972900390625,129.25686645507812,342.67681884765625
2026-09-18T16:03:17.040459+00:00,spot_13,Spot 13,Occupied,2026-09-18T16:02:18.089825+00:00,267,car,0.7468885183334351,57,68.48661804199219,317.9102783203125,97.15362548828125,339.2098388671875
2026-09-18T16:03:17.040459+00:00,spot_14,Spot 14,Occupied,2026-09-18T16:03:17.040459+00:00,269,car,0.5022263526916504,0,47.020965576171875,317.47833251953125,71.34613800048828,336.78704833984375
2026-09-18T16:03:17.040459+00:00,spot_15,Spot 15,Empty,2026-09-18T16:02:18.089825+00:00,,,,,,,,
2026-09-18T16:03:17.040459+00:00,spot_16,Spot 16,Occupied,2026-09-18T15:58:15.401672+00:00,260,car,0.7356561422348022,297,16.288131713867188,314.8653259277344,50.02629852294922,335.5765686035156
2026-09-18T16:03:17.040459+00:00,spot_17,Spot 17,Empty,2026-09-18T15:38:20.912972+00:00,,,,,,,,
2026-09-18T16:04:13.627134+00:00,spot_1,Spot 1,Occupied,2026-09-18T14:59:19.059764+00:00,219,car,0.8297900557518005,3897,575.1513671875,312.8428955078125,614.330078125,358.3109130859375
2026-09-18T16:04:13.627134+00:00,spot_2,Spot 2,Occupied,2026-09-18T15:34:15.441048+00:00,234,truck,0.42485469579696655,1800,497.8653564453125,292.1798095703125,557.591552734375,368.10504150390625
2026-09-18T16:04:13.627134+00:00,spot_3,Spot 3,Occupied,2026-09-18T14:25:19.764755+00:00,205,car,0.7512916326522827,5994,449.14849853515625,328.8690490722656,490.66131591796875,368.7020568847656
2026-09-18T16:04:13.627134+00:00,spot_4,Spot 4,Occupied,2026-09-18T14:45:18.404551+00:00,213,car,0.8725053071975708,4731,390.27703857421875,324.53094482421875,448.34625244140625,364.33526611328125
2026-09-18T16:04:13.627134+00:00,spot_5,Spot 5,Occupied,2026-09-18T14:25:19.764755+00:00,206,car,0.8186524510383606,5929,349.04656982421875,326.4180908203125,397.04547119140625,360.83251953125
2026-09-18T16:04:13.627134+00:00,spot_6,Spot 6,Occupied,2026-09-18T13:29:15.996818+00:00,182,car,0.7681137323379517,9303,284.0353088378906,321.02166748046875,352.3240051269531,368.47723388671875
2026-09-18T16:04:13.627134+00:00,spot_7,Spot 7,Occupied,2026-09-18T13:56:26.319863+00:00,192,car,0.6422103643417358,7669,254.634521484375,316.42303466796875,299.28912353515625,357.45001220703125
2026-09-18T16:04:13.627134+00:00,spot_8,Spot 8,Occupied,2026-09-18T16:01:25.176110+00:00,262,car,0.3718525171279907,219,198.8314666748047,327.4946594238281,231.73435974121094,353.0503234863281
2026-09-18T16:04:13.627134+00:00,spot_9,Spot 9,Occupied,2026-09-18T14:50:24.799919+00:00,215,car,0.4496680498123169,4419,144.55325317382812,312.6987609863281,224.84896850585938,354.1217346191406
2026-09-18T16:04:13.627134+00:00,spot_10,Spot 10,Empty,2026-09-18T16:02:18.089825+00:00,,,,,,,,
2026-09-18T16:04:13.627134+00:00,spot_11,Spot 11,Occupied,2026-09-18T16:03:17.040459+00:00,268,car,0.4986605942249298,59,118.53109741210938,322.1300048828125,146.80194091796875,345.981689453125
2026-09-18T16:04:13.627134+00:00,spot_12,Spot 12,Occupied,2026-09-18T15:50:23.024171+00:00,251,car,0.5433408617973328,823,95.901611328125,318.84918212890625,128.54293823242188,342.42034912109375
2026-09-18T16:04:13.627134+00:00,spot_13,Spot 13,Occupied,2026-09-18T16:02:18.089825+00:00,267,car,0.7308670878410339,117,69.21060180664062,317.93157958984375,97.50128173828125,338.97088623046875
2026-09-18T16:04:13.627134+00:00,spot_14,Spot 14,Empty,2026-09-18T16:04:13.627134+00:00,,,,,,,,
2026-09-18T16:04:13.627134+00:00,spot_15,Spot 15,Empty,2026-09-18T16:02:18.089825+00:00,,,,,,,,
2026-09-18T16:04:13.627134+00:00,spot_16,Spot 16,Empty,2026-09-18T16:04:13.627134+00:00,,,,,,,,
2026-09-18T16:04:13.627134+00:00,spot_17,Spot 17,Empty,2026-09-18T15:38:20.912972+00:00,,,,,,,,
2026-09-18T16:05:19.701627+00:00,spot_1,Spot 1,Occupied,2026-09-18T14:59:19.059764+00:00,219,car,0.73530113697052,3970,574.987548828125,312.9277038574219,614.83544921875,358.3218078613281
2026-09-18T16:05:19.701627+00:00,spot_2,Spot 2,Occupied,2026-09-18T15:34:15.441048+00:00,234,truck,0.6107035875320435,1872,497.6959228515625,290.90118408203125,557.46484375,369.0662841796875
2026-09-18T16:05:19.701627+00:00,spot_3,Spot 3,Occupied,2026-09-18T14:25:19.764755+00:00,205,car,0.8508682250976562,6067,449.00457763671875,315.04803466796875,497.88763427734375,367.92767333984375
2026-09-18T16:05:19.701627+00:00,spot_4,Spot 4,Occupied,2026-09-18T14:45:18.404551+00:00,213,car,0.8541963696479797,4804,390.244384765625,323.88775634765625,448.623046875,364.17803955078125
2026-09-18T16:05:19.701627+00:00,spot_5,Spot 5,Occupied,2026-09-18T14:25:19.764755+00:00,206,car,0.8606177568435669,6001,348.6004638671875,326.0093994140625,397.44384765625,360.922607421875
2026-09-18T16:05:19.701627+00:00,spot_6,Spot 6,Occupied,2026-09-18T13:29:15.996818+00:00,182,car,0.69087815284729,9376,284.1146240234375,320.8936767578125,355.2847900390625,368.5260009765625
2026-09-18T16:05:19.701627+00:00,spot_7,Spot 7,Occupied,2026-09-18T13:56:26.319863+00:00,192,car,0.4223082661628723,7741,254.63204956054688,323.100341796875,301.9183044433594,357.8968505859375
2026-09-18T16:05:19.701627+00:00,spot_8,Spot 8,Occupied,2026-09-18T16:01:25.176110+00:00,262,car,0.5302593111991882,292,220.58523559570312,326.9834289550781,258.1259460449219,356.2813415527344
2026-09-18T16:05:19.701627+00:00,spot_9,Spot 9,Occupied,2026-09-18T14:50:24.799919+00:00,215,car,0.4541362226009369,4491,144.44749450683594,313.7804412841797,225.76197814941406,352.9430694580078
2026-09-18T16:05:19.701627+00:00,spot_10,Spot 10,Empty,2026-09-18T16:02:18.089825+00:00,,,,,,,,
2026-09-18T16:05:19.701627+00:00,spot_11,Spot 11,Occupied,2026-09-18T16:03:17.040459+00:00,268,car,0.4094013273715973,132,128.42819213867188,322.0340576171875,165.14389038085938,348.9429931640625
2026-09-18T16:05:19.701627+00:00,spot_12,Spot 12,Occupied,2026-09-18T15:50:23.024171+00:00,251,car,0.7419427037239075,895,94.96971130371094,318.77752685546875,129.98289489746094,342.69439697265625
2026-09-18T16:05:19.701627+00:00,spot_13,Spot 13,Occupied,2026-09-18T16:02:18.089825+00:00,267,car,0.6789789795875549,190,68.59962463378906,317.74273681640625,97.556396484375,339.73944091796875
2026-09-18T16:05:19.701627+00:00,spot_14,Spot 14,Empty,2026-09-18T16:04:13.627134+00:00,,,,,,,,
2026-09-18T16:05:19.701627+00:00,spot_15,Spot 15,Occupied,2026-09-18T16:05:19.701627+00:00,271,car,0.44057950377464294,0,47.31153106689453,315.915771484375,69.88374328613281,337.099609375
2026-09-18T16:05:19.701627+00:00,spot_16,Spot 16,Occupied,2026-09-18T16:05:19.701627+00:00,270,car,0.5831258893013,0,20.26434898376465,314.7626037597656,49.196510314941406,335.4856262207031
2026-09-18T16:05:19.701627+00:00,spot_17,Spot 17,Empty,2026-09-18T15:38:20.912972+00:00,,,,,,,,
2026-09-18T16:06:23.091779+00:00,spot_1,Spot 1,Occupied,2026-09-18T14:59:19.059764+00:00,219,car,0.7155265212059021,4026,574.961669921875,312.5796813964844,614.772216796875,358.0656433105469
2026-09-18T16:06:23.091779+00:00,spot_2,Spot 2,Occupied,2026-09-18T15:34:15.441048+00:00,234,truck,0.7047168612480164,1928,497.54052734375,291.82373046875,557.625732421875,368.77362060546875
2026-09-18T16:06:23.091779+00:00,spot_3,Spot 3,Occupied,2026-09-18T14:25:19.764755+00:00,205,car,0.8144990801811218,6123,448.0152587890625,317.63458251953125,497.62579345703125,368.82281494140625
2026-09-18T16:06:23.091779+00:00,spot_4,Spot 4,Occupied,2026-09-18T14:45:18.404551+00:00,213,car,0.8767213225364685,4859,390.14752197265625,323.8468017578125,448.44110107421875,364.4281005859375
2026-09-18T16:06:23.091779+00:00,spot_5,Spot 5,Occupied,2026-09-18T14:25:19.764755+00:00,206,car,0.7428072094917297,6057,347.6408386230469,326.3022155761719,394.4116516113281,360.8324279785156
2026-09-18T16:06:23.091779+00:00,spot_6,Spot 6,Occupied,2026-09-18T13:29:15.996818+00:00,182,car,0.8221854567527771,9431,284.14190673828125,320.8105773925781,352.36090087890625,368.5072937011719
2026-09-18T16:06:23.091779+00:00,spot_7,Spot 7,Occupied,2026-09-18T13:56:26.319863+00:00,192,car,0.6059552431106567,7797,254.66903686523438,323.2838134765625,299.6261291503906,358.9952392578125
2026-09-18T16:06:23.091779+00:00,spot_8,Spot 8,Occupied,2026-09-18T16:01:25.176110+00:00,262,car,0.3669487535953522,347,196.78799438476562,328.48681640625,229.89108276367188,353.19482421875
2026-09-18T16:06:23.091779+00:00,spot_9,Spot 9,Occupied,2026-09-18T14:50:24.799919+00:00,215,truck,0.5287801027297974,4547,144.39071655273438,312.9386901855469,224.83413696289062,353.4739685058594
2026-09-18T16:06:23.091779+00:00,spot_10,Spot 10,Occupied,2026-09-18T16:06:23.091779+00:00,272,car,0.6293727159500122,0,127.72859954833984,321.9654541015625,164.58578491210938,347.6484375
2026-09-18T16:06:23.091779+00:00,spot_11,Spot 11,Occupied,2026-09-18T16:03:17.040459+00:00,268,car,0.4300687909126282,188,112.98182678222656,321.9081726074219,146.4530487060547,345.1669616699219
2026-09-18T16:06:23.091779+00:00,spot_12,Spot 12,Occupied,2026-09-18T15:50:23.024171+00:00,251,car,0.18256545066833496,951,68.0724105834961,317.84947967529297,123.94466400146484,341.55181884765625
2026-09-18T16:06:23.091779+00:00,spot_13,Spot 13,Occupied,2026-09-18T16:02:18.089825+00:00,267,car,0.5548452734947205,245,68.09480285644531,318.0056457519531,97.26982116699219,339.1343078613281
2026-09-18T16:06:23.091779+00:00,spot_14,Spot 14,Empty,2026-09-18T16:04:13.627134+00:00,,,,,,,,
2026-09-18T16:06:23.091779+00:00,spot_15,Spot 15,Empty,2026-09-18T16:06:23.091779+00:00,,,,,,,,
2026-09-18T16:06:23.091779+00:00,spot_16,Spot 16,Occupied,2026-09-18T16:05:19.701627+00:00,270,car,0.6975501775741577,55,17.912891387939453,314.80816650390625,54.23460006713867,335.90509033203125
2026-09-18T16:06:23.091779+00:00,spot_17,Spot 17,Empty,2026-09-18T15:38:20.912972+00:00,,,,,,,,
2026-09-18T16:07:16.132156+00:00,spot_1,Spot 1,Occupied,2026-09-18T14:59:19.059764+00:00,219,car,0.7510024309158325,4076,575.109375,313.1466064453125,613.986083984375,359.35479736328125
2026-09-18T16:07:16.132156+00:00,spot_2,Spot 2,Occupied,2026-09-18T15:34:15.441048+00:00,234,bus,0.7400819063186646,1978,498.19378662109375,291.162841796875,556.8809204101562,369.5682373046875
2026-09-18T16:07:16.132156+00:00,spot_3,Spot 3,Occupied,2026-09-18T14:25:19.764755+00:00,205,car,0.752284049987793,6173,447.3399353027344,318.3686828613281,496.6483459472656,368.3619689941406
2026-09-18T16:07:16.132156+00:00,spot_4,Spot 4,Occupied,2026-09-18T14:45:18.404551+00:00,213,car,0.8762122392654419,4909,390.0008544921875,324.2811279296875,448.6558837890625,363.6356201171875
2026-09-18T16:07:16.132156+00:00,spot_5,Spot 5,Occupied,2026-09-18T14:25:19.764755+00:00,206,car,0.8230549097061157,6107,349.63525390625,326.09130859375,395.6773681640625,360.6968994140625
2026-09-18T16:07:16.132156+00:00,spot_6,Spot 6,Occupied,2026-09-18T13:29:15.996818+00:00,182,car,0.7485451102256775,9481,283.95416259765625,320.8965148925781,353.04156494140625,368.5189514160156
2026-09-18T16:07:16.132156+00:00,spot_7,Spot 7,Occupied,2026-09-18T13:56:26.319863+00:00,192,car,0.7061170339584351,7847,254.28350830078125,319.20562744140625,304.23760986328125,357.97601318359375
2026-09-18T16:07:16.132156+00:00,spot_8,Spot 8,Occupied,2026-09-18T16:01:25.176110+00:00,262,car,0.4282483458518982,397,196.3726043701172,327.52691650390625,235.67164611816406,352.64385986328125
2026-09-18T16:07:16.132156+00:00,spot_9,Spot 9,Occupied,2026-09-18T14:50:24.799919+00:00,215,car,0.5047940015792847,4597,146.35113525390625,313.4710693359375,224.90350341796875,352.84100341796875
2026-09-18T16:07:16.132156+00:00,spot_10,Spot 10,Empty,2026-09-18T16:07:16.132156+00:00,,,,,,,,
2026-09-18T16:07:16.132156+00:00,spot_11,Spot 11,Occupied,2026-09-18T16:03:17.040459+00:00,268,car,0.48458755016326904,238,118.77169799804688,321.9550476074219,165.51803588867188,345.6210021972656
2026-09-18T16:07:16.132156+00:00,spot_12,Spot 12,Occupied,2026-09-18T15:50:23.024171+00:00,251,car,0.5442495942115784,1001,95.57695007324219,319.5035400390625,128.8765106201172,342.64190673828125
2026-09-18T16:07:16.132156+00:00,spot_13,Spot 13,Occupied,2026-09-18T16:02:18.089825+00:00,267,car,0.4770863950252533,295,68.5250244140625,317.648193359375,96.95941162109375,336.7166748046875
2026-09-18T16:07:16.132156+00:00,spot_14,Spot 14,Occupied,2026-09-18T16:07:16.132156+00:00,274,car,0.3646615445613861,0,47.80913543701172,316.2205810546875,70.67054748535156,336.704833984375
2026-09-18T16:07:16.132156+00:00,spot_15,Spot 15,Empty,2026-09-18T16:06:23.091779+00:00,,,,,,,,
2026-09-18T16:07:16.132156+00:00,spot_16,Spot 16,Occupied,2026-09-18T16:05:19.701627+00:00,270,car,0.6569415926933289,105,21.541719436645508,314.85662841796875,50.94744873046875,335.40484619140625
2026-09-18T16:07:16.132156+00:00,spot_17,Spot 17,Empty,2026-09-18T15:38:20.912972+00:00,,,,,,,,
2026-09-18T16:08:15.008659+00:00,spot_1,Spot 1,Occupied,2026-09-18T14:59:19.059764+00:00,219,car,0.7014716863632202,4138,575.240966796875,312.656005859375,614.232666015625,359.2294921875
2026-09-18T16:08:15.008659+00:00,spot_2,Spot 2,Occupied,2026-09-18T15:34:15.441048+00:00,234,bus,0.5561771392822266,2041,497.74359130859375,291.99188232421875,557.5950317382812,368.56646728515625
2026-09-18T16:08:15.008659+00:00,spot_3,Spot 3,Occupied,2026-09-18T14:25:19.764755+00:00,205,car,0.6046629548072815,6235,447.0943298339844,315.9875183105469,497.9595642089844,368.7494201660156
2026-09-18T16:08:15.008659+00:00,spot_4,Spot 4,Occupied,2026-09-18T14:45:18.404551+00:00,213,car,0.8672186732292175,4972,390.01202392578125,324.0498046875,448.45635986328125,364.283203125
2026-09-18T16:08:15.008659+00:00,spot_5,Spot 5,Occupied,2026-09-18T14:25:19.764755+00:00,206,car,0.8547903895378113,6169,349.8377685546875,325.54779052734375,395.45599365234375,360.93829345703125
2026-09-18T16:08:15.008659+00:00,spot_6,Spot 6,Occupied,2026-09-18T13:29:15.996818+00:00,182,car,0.6485604643821716,9544,284.1322021484375,320.83367919921875,353.96539306640625,368.51580810546875
2026-09-18T16:08:15.008659+00:00,spot_7,Spot 7,Occupied,2026-09-18T13:56:26.319863+00:00,192,car,0.37796950340270996,7910,254.8807373046875,321.65362548828125,305.893798828125,357.4891357421875
2026-09-18T16:08:15.008659+00:00,spot_8,Spot 8,Occupied,2026-09-18T16:01:25.176110+00:00,262,car,0.5080184936523438,460,199.51699829101562,326.8620147705078,246.77186584472656,355.3506317138672
2026-09-18T16:08:15.008659+00:00,spot_9,Spot 9,Occupied,2026-09-18T14:50:24.799919+00:00,215,car,0.6976885199546814,4659,145.9202880859375,313.43243408203125,224.78802490234375,353.20306396484375
2026-09-18T16:08:15.008659+00:00,spot_10,Spot 10,Occupied,2026-09-18T16:08:15.008659+00:00,275,car,0.7354220151901245,0,127.25691986083984,322.29510498046875,165.18399047851562,348.94976806640625
2026-09-18T16:08:15.008659+00:00,spot_11,Spot 11,Occupied,2026-09-18T16:03:17.040459+00:00,268,car,0.39016830921173096,300,113.88676452636719,322.0924072265625,144.4895477294922,343.6708984375
2026-09-18T16:08:15.008659+00:00,spot_12,Spot 12,Occupied,2026-09-18T15:50:23.024171+00:00,251,car,0.5012087821960449,1063,95.76512145996094,319.3320007324219,128.72850036621094,343.1640930175781
2026-09-18T16:08:15.008659+00:00,spot_13,Spot 13,Occupied,2026-09-18T16:02:18.089825+00:00,267,car,0.549152135848999,358,68.80268859863281,317.96624755859375,96.19245910644531,337.20709228515625
2026-09-18T16:08:15.008659+00:00,spot_14,Spot 14,Occupied,2026-09-18T16:07:16.132156+00:00,274,car,0.4335324168205261,62,47.047271728515625,318.7547302246094,71.31133270263672,336.9264221191406
2026-09-18T16:08:15.008659+00:00,spot_15,Spot 15,Empty,2026-09-18T16:06:23.091779+00:00,,,,,,,,
2026-09-18T16:08:15.008659+00:00,spot_16,Spot 16,Occupied,2026-09-18T16:05:19.701627+00:00,270,car,0.6874707937240601,168,16.512588500976562,314.947509765625,51.741477966308594,335.4847412109375
2026-09-18T16:08:15.008659+00:00,spot_17,Spot 17,Empty,2026-09-18T15:38:20.912972+00:00,,,,,,,,
2026-09-18T16:09:17.509117+00:00,spot_1,Spot 1,Occupied,2026-09-18T14:59:19.059764+00:00,219,truck,0.3919363021850586,4199,574.879150390625,312.4397277832031,614.749755859375,358.8354187011719
2026-09-18T16:09:17.509117+00:00,spot_2,Spot 2,Occupied,2026-09-18T15:34:15.441048+00:00,234,bus,0.7127608060836792,2101,497.4603271484375,291.9564208984375,557.5286865234375,367.989990234375
2026-09-18T16:09:17.509117+00:00,spot_3,Spot 3,Occupied,2026-09-18T14:25:19.764755+00:00,205,car,0.6143427491188049,6296,448.10748291015625,320.13775634765625,491.49151611328125,368.22406005859375
2026-09-18T16:09:17.509117+00:00,spot_4,Spot 4,Occupied,2026-09-18T14:45:18.404551+00:00,213,car,0.8135873675346375,5033,390.3359375,324.061767578125,448.751708984375,364.9078369140625
2026-09-18T16:09:17.509117+00:00,spot_5,Spot 5,Occupied,2026-09-18T14:25:19.764755+00:00,206,car,0.8329987525939941,6230,348.83599853515625,325.887451171875,395.90753173828125,361.1636962890625
2026-09-18T16:09:17.509117+00:00,spot_6,Spot 6,Occupied,2026-09-18T13:29:15.996818+00:00,182,truck,0.5136898756027222,9605,283.70172119140625,320.90234375,351.34918212890625,367.8770751953125
2026-09-18T16:09:17.509117+00:00,spot_7,Spot 7,Occupied,2026-09-18T13:56:26.319863+00:00,192,car,0.38678717613220215,7970,254.71771240234375,319.06201171875,303.761474609375,358.22314453125
2026-09-18T16:09:17.509117+00:00,spot_8,Spot 8,Occupied,2026-09-18T16:01:25.176110+00:00,262,car,0.5917916893959045,521,220.62518310546875,327.4275207519531,258.14178466796875,355.8940734863281
2026-09-18T16:09:17.509117+00:00,spot_9,Spot 9,Occupied,2026-09-18T14:50:24.799919+00:00,215,car,0.5667827725410461,4720,146.11598205566406,313.06292724609375,224.55702209472656,352.23236083984375
2026-09-18T16:09:17.509117+00:00,spot_10,Spot 10,Empty,2026-09-18T16:09:17.509117+00:00,,,,,,,,
2026-09-18T16:09:17.509117+00:00,spot_11,Spot 11,Occupied,2026-09-18T16:03:17.040459+00:00,268,car,0.6669309735298157,361,127.71595764160156,322.08984375,166.7247772216797,348.722900390625
2026-09-18T16:09:17.509117+00:00,spot_12,Spot 12,Occupied,2026-09-18T15:50:23.024171+00:00,251,car,0.40846362709999084,1124,83.21559143066406,319.34820556640625,126.31767272949219,342.36297607421875
2026-09-18T16:09:17.509117+00:00,spot_13,Spot 13,Occupied,2026-09-18T16:02:18.089825+00:00,267,car,0.6343061923980713,419,68.81950378417969,318.25103759765625,96.63911437988281,337.89495849609375
2026-09-18T16:09:17.509117+00:00,spot_14,Spot 14,Empty,2026-09-18T16:09:17.509117+00:00,,,,,,,,
2026-09-18T16:09:17.509117+00:00,spot_15,Spot 15,Empty,2026-09-18T16:06:23.091779+00:00,,,,,,,,
2026-09-18T16:09:17.509117+00:00,spot_16,Spot 16,Occupied,2026-09-18T16:05:19.701627+00:00,270,car,0.6776504516601562,229,18.74085235595703,315.08984375,53.21864318847656,335.3544921875
2026-09-18T16:09:17.509117+00:00,spot_17,Spot 17,Empty,2026-09-18T15:38:20.912972+00:00,,,,,,,,
2026-09-18T16:10:23.358595+00:00,spot_1,Spot 1,Occupied,2026-09-18T14:59:19.059764+00:00,219,truck,0.5115240812301636,4274,574.8192138671875,312.7927551269531,614.3380126953125,359.2554626464844
2026-09-18T16:10:23.358595+00:00,spot_2,Spot 2,Occupied,2026-09-18T15:34:15.441048+00:00,234,bus,0.6460978984832764,2177,497.7104187011719,291.1812744140625,557.96875,368.1280517578125
2026-09-18T16:10:23.358595+00:00,spot_3,Spot 3,Occupied,2026-09-18T14:25:19.764755+00:00,205,car,0.7837358117103577,6371,447.48388671875,327.38848876953125,491.2763671875,368.64752197265625
2026-09-18T16:10:23.358595+00:00,spot_4,Spot 4,Occupied,2026-09-18T14:45:18.404551+00:00,213,car,0.8314229846000671,5108,390.34149169921875,324.0897216796875,448.69927978515625,364.69024658203125
2026-09-18T16:10:23.358595+00:00,spot_5,Spot 5,Occupied,2026-09-18T14:25:19.764755+00:00,206,car,0.821283757686615,6306,348.6322326660156,326.16351318359375,395.9038391113281,361.42364501953125
2026-09-18T16:10:23.358595+00:00,spot_6,Spot 6,Occupied,2026-09-18T13:29:15.996818+00:00,182,car,0.6642381548881531,9680,283.7355651855469,320.8037109375,350.9947814941406,368.80859375
2026-09-18T16:10:23.358595+00:00,spot_7,Spot 7,Occupied,2026-09-18T13:56:26.319863+00:00,192,car,0.7209258675575256,8046,254.43548583984375,315.48638916015625,307.86767578125,357.87762451171875
2026-09-18T16:10:23.358595+00:00,spot_8,Spot 8,Occupied,2026-09-18T16:10:23.358595+00:00,276,car,0.6521265506744385,75,221.46209716796875,328.1318359375,258.4893798828125,356.4625244140625
2026-09-18T16:10:23.358595+00:00,spot_9,Spot 9,Occupied,2026-09-18T14:50:24.799919+00:00,215,car,0.6991497278213501,4796,144.75067138671875,314.325927734375,223.843017578125,352.4158935546875
2026-09-18T16:10:23.358595+00:00,spot_10,Spot 10,Occupied,2026-09-18T16:10:23.358595+00:00,277,car,0.5711199045181274,0,127.99276733398438,322.0997314453125,166.13763427734375,347.370361328125
2026-09-18T16:10:23.358595+00:00,spot_11,Spot 11,Occupied,2026-09-18T16:03:17.040459+00:00,268,car,0.46801623702049255,436,118.26571655273438,321.8349609375,145.33413696289062,345.260009765625
2026-09-18T16:10:23.358595+00:00,spot_12,Spot 12,Occupied,2026-09-18T15:50:23.024171+00:00,251,car,0.5376395583152771,1200,94.69703674316406,319.17755126953125,128.55674743652344,342.66522216796875
2026-09-18T16:10:23.358595+00:00,spot_13,Spot 13,Occupied,2026-09-18T16:02:18.089825+00:00,267,car,0.6503625512123108,494,69.2833251953125,317.62401580810547,96.32855224609375,338.1419219970703
2026-09-18T16:10:23.358595+00:00,spot_14,Spot 14,Occupied,2026-09-18T16:10:23.358595+00:00,278,car,0.19280710816383362,0,47.078125,316.58092498779297,72.52740478515625,336.11920166015625
2026-09-18T16:10:23.358595+00:00,spot_15,Spot 15,Empty,2026-09-18T16:06:23.091779+00:00,,,,,,,,
2026-09-18T16:10:23.358595+00:00,spot_16,Spot 16,Occupied,2026-09-18T16:05:19.701627+00:00,270,car,0.676409125328064,304,17.846233367919922,314.85443115234375,52.643672943115234,335.49420166015625
2026-09-18T16:10:23.358595+00:00,spot_17,Spot 17,Empty,2026-09-18T15:38:20.912972+00:00,,,,,,,,
2026-09-18T16:11:18.762914+00:00,spot_1,Spot 1,Occupied,2026-09-18T14:59:19.059764+00:00,219,car,0.6853753924369812,4320,575.1094970703125,312.4292907714844,614.2921142578125,353.1723937988281
2026-09-18T16:11:18.762914+00:00,spot_2,Spot 2,Occupied,2026-09-18T15:34:15.441048+00:00,234,truck,0.7442824244499207,2222,496.95831298828125,292.6334228515625,558.4462280273438,368.39532470703125
2026-09-18T16:11:18.762914+00:00,spot_3,Spot 3,Occupied,2026-09-18T14:25:19.764755+00:00,205,car,0.8471807837486267,6417,447.844482421875,317.7139587402344,497.85400390625,369.6862487792969
2026-09-18T16:11:18.762914+00:00,spot_4,Spot 4,Occupied,2026-09-18T14:45:18.404551+00:00,213,car,0.860864520072937,5153,390.18994140625,323.798583984375,448.5841064453125,366.0538330078125
2026-09-18T16:11:18.762914+00:00,spot_5,Spot 5,Occupied,2026-09-18T14:25:19.764755+00:00,206,car,0.8244372010231018,6351,348.74774169921875,325.63323974609375,396.67376708984375,361.38604736328125
2026-09-18T16:11:18.762914+00:00,spot_6,Spot 6,Occupied,2026-09-18T13:29:15.996818+00:00,182,car,0.4889346659183502,9725,283.9849853515625,320.5357666015625,353.5594482421875,368.78887939453125
2026-09-18T16:11:18.762914+00:00,spot_7,Spot 7,Occupied,2026-09-18T13:56:26.319863+00:00,192,car,0.6411542892456055,8091,254.85498046875,314.13531494140625,308.53369140625,357.96966552734375
2026-09-18T16:11:18.762914+00:00,spot_8,Spot 8,Occupied,2026-09-18T16:10:23.358595+00:00,276,car,0.6657083630561829,120,221.06085205078125,325.7095031738281,257.9636535644531,355.7995910644531
2026-09-18T16:11:18.762914+00:00,spot_9,Spot 9,Occupied,2026-09-18T14:50:24.799919+00:00,215,car,0.6802960634231567,4841,144.98739624023438,312.68267822265625,223.81881713867188,351.88787841796875
2026-09-18T16:11:18.762914+00:00,spot_10,Spot 10,Occupied,2026-09-18T16:10:23.358595+00:00,277,car,0.5568354725837708,45,131.11175537109375,322.50885009765625,163.753173828125,349.61181640625
2026-09-18T16:11:18.762914+00:00,spot_11,Spot 11,Occupied,2026-09-18T16:03:17.040459+00:00,268,car,0.43110719323158264,482,118.45631408691406,321.7105712890625,145.5674285888672,345.297607421875
2026-09-18T16:11:18.762914+00:00,spot_12,Spot 12,Occupied,2026-09-18T15:50:23.024171+00:00,251,car,0.5062362551689148,1245,92.39768981933594,319.4427490234375,124.05699157714844,342.1090087890625
2026-09-18T16:11:18.762914+00:00,spot_13,Spot 13,Occupied,2026-09-18T16:02:18.089825+00:00,267,car,0.6570920348167419,539,69.0885238647461,318.106201171875,97.56719207763672,338.0062255859375
2026-09-18T16:11:18.762914+00:00,spot_14,Spot 14,Empty,2026-09-18T16:11:18.762914+00:00,,,,,,,,
2026-09-18T16:11:18.762914+00:00,spot_15,Spot 15,Empty,2026-09-18T16:06:23.091779+00:00,,,,,,,,
2026-09-18T16:11:18.762914+00:00,spot_16,Spot 16,Occupied,2026-09-18T16:05:19.701627+00:00,270,car,0.6662926077842712,349,17.70551300048828,314.84088134765625,54.46917724609375,336.14434814453125
2026-09-18T16:11:18.762914+00:00,spot_17,Spot 17,Empty,2026-09-18T15:38:20.912972+00:00,,,,,,,,
2026-09-18T16:12:12.016494+00:00,spot_1,Spot 1,Occupied,2026-09-18T14:59:19.059764+00:00,219,car,0.7848242521286011,4374,575.2046508789062,312.60089111328125,614.2390747070312,358.41900634765625
2026-09-18T16:12:12.016494+00:00,spot_2,Spot 2,Occupied,2026-09-18T15:34:15.441048+00:00,234,truck,0.6777852773666382,2276,497.84613037109375,290.9101867675781,558.0935668945312,368.4684143066406
2026-09-18T16:12:12.016494+00:00,spot_3,Spot 3,Occupied,2026-09-18T14:25:19.764755+00:00,205,car,0.640049397945404,6471,447.49517822265625,315.995849609375,498.833740234375,368.451171875
2026-09-18T16:12:12.016494+00:00,spot_4,Spot 4,Occupied,2026-09-18T14:45:18.404551+00:00,213,car,0.8384633660316467,5207,390.1377258300781,323.97613525390625,448.7794494628906,365.05047607421875
2026-09-18T16:12:12.016494+00:00,spot_5,Spot 5,Occupied,2026-09-18T14:25:19.764755+00:00,206,car,0.8270695805549622,6405,349.0597229003906,326.86822509765625,396.4449768066406,360.75897216796875
2026-09-18T16:12:12.016494+00:00,spot_6,Spot 6,Occupied,2026-09-18T13:29:15.996818+00:00,182,car,0.7563163042068481,9779,283.7672424316406,320.8539733886719,352.6008605957031,368.5491027832031
2026-09-18T16:12:12.016494+00:00,spot_7,Spot 7,Occupied,2026-09-18T13:56:26.319863+00:00,192,car,0.6599838733673096,8145,254.59271240234375,318.14910888671875,298.836181640625,357.54193115234375
2026-09-18T16:12:12.016494+00:00,spot_8,Spot 8,Occupied,2026-09-18T16:10:23.358595+00:00,276,car,0.7387409806251526,174,221.45025634765625,325.35101318359375,258.1485900878906,356.78118896484375
2026-09-18T16:12:12.016494+00:00,spot_9,Spot 9,Occupied,2026-09-18T14:50:24.799919+00:00,215,car,0.6450315117835999,4895,144.8269500732422,313.846923828125,223.8644561767578,352.7138671875
2026-09-18T16:12:12.016494+00:00,spot_10,Spot 10,Occupied,2026-09-18T16:10:23.358595+00:00,277,car,0.7523279786109924,99,127.84942626953125,322.5435791015625,166.78115844726562,348.6556396484375
2026-09-18T16:12:12.016494+00:00,spot_11,Spot 11,Occupied,2026-09-18T16:03:17.040459+00:00,268,car,0.636133074760437,536,117.48861694335938,322.5406494140625,143.98187255859375,345.4949951171875
2026-09-18T16:12:12.016494+00:00,spot_12,Spot 12,Occupied,2026-09-18T15:50:23.024171+00:00,251,car,0.5859494209289551,1299,95.05352783203125,319.1881103515625,129.4916229248047,342.54559326171875
2026-09-18T16:12:12.016494+00:00,spot_13,Spot 13,Occupied,2026-09-18T16:02:18.089825+00:00,267,car,0.5666087865829468,593,70.87345886230469,318.55816650390625,98.25936889648438,338.86273193359375
2026-09-18T16:12:12.016494+00:00,spot_14,Spot 14,Occupied,2026-09-18T16:12:12.016494+00:00,280,car,0.3527975380420685,0,47.39530944824219,317.9954528808594,71.35374450683594,337.1791687011719
2026-09-18T16:12:12.016494+00:00,spot_15,Spot 15,Empty,2026-09-18T16:06:23.091779+00:00,,,,,,,,
2026-09-18T16:12:12.016494+00:00,spot_16,Spot 16,Occupied,2026-09-18T16:05:19.701627+00:00,270,car,0.5588868856430054,403,18.235382080078125,314.8465576171875,53.72441864013672,335.7181396484375
2026-09-18T16:12:12.016494+00:00,spot_17,Spot 17,Empty,2026-09-18T15:38:20.912972+00:00,,,,,,,,
2026-09-18T16:13:14.616692+00:00,spot_1,Spot 1,Occupied,2026-09-18T14:59:19.059764+00:00,219,car,0.6961437463760376,4434,575.4382934570312,312.7919921875,614.2528686523438,357.5428466796875
2026-09-18T16:13:14.616692+00:00,spot_2,Spot 2,Occupied,2026-09-18T15:34:15.441048+00:00,234,truck,0.553778886795044,2336,497.73956298828125,291.071533203125,558.3875122070312,368.942138671875
2026-09-18T16:13:14.616692+00:00,spot_3,Spot 3,Occupied,2026-09-18T14:25:19.764755+00:00,205,car,0.7446376085281372,6531,447.2442321777344,317.0062255859375,497.5473327636719,367.957275390625
2026-09-18T16:13:14.616692+00:00,spot_4,Spot 4,Occupied,2026-09-18T14:45:18.404551+00:00,213,car,0.8463959097862244,5267,390.29052734375,324.36370849609375,448.4510498046875,364.57794189453125
2026-09-18T16:13:14.616692+00:00,spot_5,Spot 5,Occupied,2026-09-18T14:25:19.764755+00:00,206,car,0.8257974982261658,6465,348.74713134765625,325.6571350097656,398.597412109375,361.8402404785156
2026-09-18T16:13:14.616692+00:00,spot_6,Spot 6,Occupied,2026-09-18T13:29:15.996818+00:00,182,car,0.7148091197013855,9839,284.2291259765625,320.70123291015625,350.3187255859375,367.9581298828125
2026-09-18T16:13:14.616692+00:00,spot_7,Spot 7,Occupied,2026-09-18T13:56:26.319863+00:00,192,car,0.688471257686615,8205,254.63223266601562,317.60162353515625,306.1394348144531,357.85528564453125
2026-09-18T16:13:14.616692+00:00,spot_8,Spot 8,Occupied,2026-09-18T16:10:23.358595+00:00,276,car,0.7263643741607666,234,221.5452880859375,326.31268310546875,258.1474609375,356.1741943359375
2026-09-18T16:13:14.616692+00:00,spot_9,Spot 9,Occupied,2026-09-18T14:50:24.799919+00:00,215,car,0.5332965850830078,4955,146.09481811523438,313.430419921875,224.26486206054688,353.0147705078125
2026-09-18T16:13:14.616692+00:00,spot_10,Spot 10,Empty,2026-09-18T16:13:14.616692+00:00,,,,,,,,
2026-09-18T16:13:14.616692+00:00,spot_11,Spot 11,Occupied,2026-09-18T16:03:17.040459+00:00,268,car,0.3573620319366455,596,117.60374450683594,322.45806884765625,144.1831817626953,345.8380126953125
2026-09-18T16:13:14.616692+00:00,spot_12,Spot 12,Occupied,2026-09-18T15:50:23.024171+00:00,251,car,0.20828372240066528,1359,67.43092346191406,317.68548583984375,132.87620544433594,340.78133392333984
2026-09-18T16:13:14.616692+00:00,spot_13,Spot 13,Occupied,2026-09-18T16:02:18.089825+00:00,267,car,0.7016635537147522,654,68.63349151611328,318.45281982421875,98.4084243774414,338.80487060546875
2026-09-18T16:13:14.616692+00:00,spot_14,Spot 14,Occupied,2026-09-18T16:12:12.016494+00:00,280,car,0.20472407341003418,60,47.583221435546875,317.1879119873047,73.43777465820312,336.59368896484375
2026-09-18T16:13:14.616692+00:00,spot_15,Spot 15,Empty,2026-09-18T16:06:23.091779+00:00,,,,,,,,
2026-09-18T16:13:14.616692+00:00,spot_16,Spot 16,Occupied,2026-09-18T16:05:19.701627+00:00,270,car,0.6074032187461853,463,18.202394485473633,314.926513671875,53.52674865722656,336.01373291015625
2026-09-18T16:13:14.616692+00:00,spot_17,Spot 17,Empty,2026-09-18T15:38:20.912972+00:00,,,,,,,,
2026-09-18T16:14:17.388269+00:00,spot_1,Spot 1,Occupied,2026-09-18T14:59:19.059764+00:00,219,car,0.7609602212905884,4500,574.8983154296875,312.88519287109375,614.1319580078125,358.69281005859375
2026-09-18T16:14:17.388269+00:00,spot_2,Spot 2,Occupied,2026-09-18T15:34:15.441048+00:00,234,bus,0.5646190047264099,2403,497.587890625,292.0827331542969,557.2794189453125,369.2879333496094
2026-09-18T16:14:17.388269+00:00,spot_3,Spot 3,Occupied,2026-09-18T14:25:19.764755+00:00,205,car,0.7474143505096436,6597,447.18939208984375,324.6694030761719,491.63580322265625,368.5253601074219
2026-09-18T16:14:17.388269+00:00,spot_4,Spot 4,Occupied,2026-09-18T14:45:18.404551+00:00,213,car,0.8191681504249573,5334,390.2879638671875,324.53521728515625,448.520751953125,364.95648193359375
2026-09-18T16:14:17.388269+00:00,spot_5,Spot 5,Occupied,2026-09-18T14:25:19.764755+00:00,206,car,0.8407848477363586,6531,347.6732177734375,326.912841796875,395.9561767578125,361.0050048828125
2026-09-18T16:14:17.388269+00:00,spot_6,Spot 6,Occupied,2026-09-18T13:29:15.996818+00:00,182,car,0.6683539152145386,9906,284.04534912109375,321.08001708984375,354.72882080078125,368.60638427734375
2026-09-18T16:14:17.388269+00:00,spot_7,Spot 7,Occupied,2026-09-18T13:56:26.319863+00:00,192,car,0.605082094669342,8272,254.51182556152344,317.5276794433594,304.755859375,357.6048889160156
2026-09-18T16:14:17.388269+00:00,spot_8,Spot 8,Occupied,2026-09-18T16:10:23.358595+00:00,276,car,0.6811767220497131,301,196.34906005859375,327.44378662109375,234.81463623046875,352.8768310546875
2026-09-18T16:14:17.388269+00:00,spot_9,Spot 9,Occupied,2026-09-18T14:50:24.799919+00:00,215,car,0.6398193836212158,5021,143.98117065429688,313.728271484375,224.13650512695312,353.5609130859375
2026-09-18T16:14:17.388269+00:00,spot_10,Spot 10,Empty,2026-09-18T16:13:14.616692+00:00,,,,,,,,
2026-09-18T16:14:17.388269+00:00,spot_11,Spot 11,Occupied,2026-09-18T16:03:17.040459+00:00,268,car,0.35823947191238403,662,118.21852111816406,322.36248779296875,165.36033630371094,346.53692626953125
2026-09-18T16:14:17.388269+00:00,spot_12,Spot 12,Occupied,2026-09-18T15:50:23.024171+00:00,251,car,0.5775891542434692,1426,94.88720703125,319.072265625,129.48590087890625,342.77392578125
2026-09-18T16:14:17.388269+00:00,spot_13,Spot 13,Occupied,2026-09-18T16:02:18.089825+00:00,267,car,0.6803566217422485,720,68.59480285644531,318.17626953125,97.71916198730469,339.2491455078125
2026-09-18T16:14:17.388269+00:00,spot_14,Spot 14,Empty,2026-09-18T16:14:17.388269+00:00,,,,,,,,
2026-09-18T16:14:17.388269+00:00,spot_15,Spot 15,Empty,2026-09-18T16:06:23.091779+00:00,,,,,,,,
2026-09-18T16:14:17.388269+00:00,spot_16,Spot 16,Occupied,2026-09-18T16:05:19.701627+00:00,270,car,0.46866005659103394,530,20.19232940673828,314.6312255859375,54.14176940917969,335.286376953125
2026-09-18T16:14:17.388269+00:00,spot_17,Spot 17,Empty,2026-09-18T15:38:20.912972+00:00,,,,,,,,
2026-09-18T16:15:20.487969+00:00,spot_1,Spot 1,Occupied,2026-09-18T14:59:19.059764+00:00,219,car,0.8360984325408936,4570,574.8868408203125,313.03125,614.0675048828125,357.8704833984375
2026-09-18T16:15:20.487969+00:00,spot_2,Spot 2,Occupied,2026-09-18T15:34:15.441048+00:00,234,truck,0.673187255859375,2472,497.42486572265625,290.5218505859375,557.7282104492188,368.68505859375
2026-09-18T16:15:20.487969+00:00,spot_3,Spot 3,Occupied,2026-09-18T14:25:19.764755+00:00,205,car,0.8446525931358337,6667,447.5175476074219,317.8573913574219,497.9484558105469,368.5733337402344
2026-09-18T16:15:20.487969+00:00,spot_4,Spot 4,Occupied,2026-09-18T14:45:18.404551+00:00,213,car,0.8590766787528992,5403,390.0848388671875,324.3731384277344,448.607666015625,364.8226013183594
2026-09-18T16:15:20.487969+00:00,spot_5,Spot 5,Occupied,2026-09-18T14:25:19.764755+00:00,206,car,0.8427522778511047,6601,348.58404541015625,325.69921875,394.84844970703125,361.281982421875
2026-09-18T16:15:20.487969+00:00,spot_6,Spot 6,Occupied,2026-09-18T13:29:15.996818+00:00,182,truck,0.5709963440895081,9975,283.9993896484375,320.8503723144531,350.868896484375,368.3180847167969
2026-09-18T16:15:20.487969+00:00,spot_7,Spot 7,Occupied,2026-09-18T13:56:26.319863+00:00,192,car,0.6322069764137268,8341,254.76004028320312,316.75433349609375,305.1361389160156,358.768798828125
2026-09-18T16:15:20.487969+00:00,spot_8,Spot 8,Occupied,2026-09-18T16:10:23.358595+00:00,276,car,0.7451378107070923,370,221.947509765625,326.65594482421875,257.7689208984375,355.63482666015625
2026-09-18T16:15:20.487969+00:00,spot_9,Spot 9,Occupied,2026-09-18T14:50:24.799919+00:00,215,car,0.4790341258049011,5091,148.94171142578125,313.24847412109375,223.40670776367188,352.84503173828125
2026-09-18T16:15:20.487969+00:00,spot_10,Spot 10,Empty,2026-09-18T16:13:14.616692+00:00,,,,,,,,
2026-09-18T16:15:20.487969+00:00,spot_11,Spot 11,Occupied,2026-09-18T16:03:17.040459+00:00,268,car,0.4803937077522278,732,126.38682556152344,322.77911376953125,164.7699432373047,347.45013427734375
2026-09-18T16:15:20.487969+00:00,spot_12,Spot 12,Occupied,2026-09-18T15:50:23.024171+00:00,251,car,0.5902250409126282,1495,92.19708251953125,318.89788818359375,128.69464111328125,342.75811767578125
2026-09-18T16:15:20.487969+00:00,spot_13,Spot 13,Occupied,2026-09-18T16:02:18.089825+00:00,267,car,0.5953577160835266,789,71.15519714355469,318.070556640625,98.55339050292969,339.17138671875
2026-09-18T16:15:20.487969+00:00,spot_14,Spot 14,Occupied,2026-09-18T16:15:20.487969+00:00,282,car,0.20271864533424377,0,54.75307083129883,318.4502487182617,72.82763671875,335.56787872314453
2026-09-18T16:15:20.487969+00:00,spot_15,Spot 15,Empty,2026-09-18T16:06:23.091779+00:00,,,,,,,,
2026-09-18T16:15:20.487969+00:00,spot_16,Spot 16,Occupied,2026-09-18T16:05:19.701627+00:00,270,car,0.5522624254226685,599,18.877309799194336,314.95947265625,55.558311462402344,335.9981689453125
2026-09-18T16:15:20.487969+00:00,spot_17,Spot 17,Empty,2026-09-18T15:38:20.912972+00:00,,,,,,,,
